2 0.085938 0.140625 0.167969 0.085938
2 0.082031 0.216797 0.160156 0.085938
2 0.062500 0.300781 0.121094 0.097656
2 0.356445 0.198242 0.333984 0.095703
2 0.378906 0.266602 0.328125 0.083984
2 0.404297 0.390625 0.335938 0.105469
2 0.429688 0.448242 0.332031 0.103516
2 0.423828 0.500000 0.269531 0.113281
2 0.434570 0.586914 0.267578 0.095703
2 0.688477 0.325195 0.259766 0.095703
2 0.690430 0.275391 0.298828 0.105469
2 0.688477 0.221680 0.333984 0.107422
0 0.251953 0.050781 0.160156 0.097656
0 0.584961 0.041016 0.166016 0.078125
0 0.701172 0.062500 0.171875 0.093750
2 0.958984 0.517578 0.082031 0.183594
0 0.973633 0.163086 0.052734 0.169922
0 0.413086 0.043945 0.119141 0.083984
0 0.869141 0.091797 0.132812 0.167969
