2 0.844727 0.017578 0.126953 0.031250
2 0.937500 0.098633 0.125000 0.080078
2 0.952148 0.177734 0.095703 0.074219
2 0.968750 0.246094 0.062500 0.062500
2 0.980469 0.313477 0.039062 0.064453
2 0.660156 0.269531 0.304688 0.093750
2 0.648438 0.366211 0.382812 0.095703
2 0.622070 0.465820 0.537109 0.091797
2 0.554688 0.568359 0.769531 0.109375
2 0.554688 0.679688 0.890625 0.109375
2 0.587891 0.774414 0.824219 0.076172
2 0.614258 0.849609 0.771484 0.074219
2 0.627930 0.944336 0.744141 0.111328
2 0.022461 0.660156 0.041016 0.054688
2 0.036133 0.719727 0.068359 0.068359
2 0.052734 0.797852 0.101562 0.083984
2 0.052734 0.864258 0.101562 0.072266
2 0.102539 0.938477 0.201172 0.115234
