0 0.810547 0.161133 0.125000 0.123047
0 0.950195 0.220703 0.099609 0.140625
0 0.406250 0.674805 0.175781 0.134766
0 0.707031 0.661133 0.105469 0.103516
0 0.872070 0.759766 0.103516 0.093750
0 0.780273 0.815430 0.181641 0.177734
0 0.044922 0.912109 0.085938 0.089844
0 0.586914 0.907227 0.126953 0.146484
0 0.730469 0.921875 0.160156 0.136719
0 0.694336 0.347656 0.169922 0.160156
2 0.881836 0.229492 0.056641 0.099609
2 0.972656 0.622070 0.054688 0.095703
2 0.315430 0.910156 0.076172 0.062500
2 0.444336 0.949219 0.123047 0.101562
