1 0.860352 0.040039 0.279297 0.033203
1 0.845703 0.088867 0.265625 0.029297
1 0.836914 0.130859 0.271484 0.031250
1 0.826172 0.176758 0.273438 0.037109
1 0.812500 0.225586 0.277344 0.033203
1 0.803711 0.274414 0.271484 0.041016
1 0.777344 0.325195 0.234375 0.041016
1 0.771484 0.377930 0.269531 0.041016
1 0.744141 0.425781 0.238281 0.031250
1 0.733398 0.471680 0.244141 0.033203
1 0.724609 0.518555 0.277344 0.033203
1 0.709961 0.563477 0.275391 0.044922
1 0.703125 0.608398 0.304688 0.037109
1 0.687500 0.650391 0.324219 0.042969
1 0.675781 0.691406 0.347656 0.046875
1 0.634766 0.731445 0.375000 0.052734
1 0.622070 0.771484 0.376953 0.046875
1 0.619141 0.813477 0.433594 0.056641
1 0.616211 0.858398 0.451172 0.041016
1 0.594727 0.894531 0.458984 0.046875
1 0.582031 0.935547 0.488281 0.050781
1 0.502930 0.974609 0.396484 0.050781
0 0.754883 0.981445 0.115234 0.037109
