0 0.135742 0.289062 0.138672 0.132812
0 0.293945 0.357422 0.123047 0.113281
0 0.114258 0.414062 0.068359 0.066406
0 0.285156 0.460938 0.117188 0.101562
0 0.235352 0.385742 0.048828 0.052734
0 0.194336 0.514648 0.134766 0.072266
0 0.108398 0.681641 0.111328 0.089844
0 0.141602 0.831055 0.123047 0.107422
0 0.284180 0.959961 0.126953 0.080078
0 0.429688 0.955078 0.128906 0.089844
0 0.722656 0.961914 0.101562 0.076172
0 0.884766 0.918945 0.187500 0.103516
0 0.205078 0.721680 0.078125 0.080078
0 0.038086 0.419922 0.072266 0.140625
0 0.042969 0.558594 0.082031 0.125000
0 0.051758 0.894531 0.099609 0.132812
0 0.823242 0.984375 0.052734 0.031250
0 0.968750 0.967773 0.062500 0.064453
