0 0.963867 0.568359 0.072266 0.078125
0 0.748047 0.606445 0.050781 0.095703
0 0.384766 0.235352 0.050781 0.068359
0 0.904297 0.067383 0.046875 0.068359
1 0.080078 0.076172 0.156250 0.144531
1 0.053711 0.218750 0.103516 0.136719
1 0.024414 0.375977 0.044922 0.091797
1 0.365234 0.310547 0.183594 0.128906
1 0.280273 0.437500 0.205078 0.136719
1 0.208008 0.572266 0.208984 0.140625
1 0.131836 0.692383 0.201172 0.134766
1 0.033203 0.800781 0.062500 0.101562
2 0.462891 0.482422 0.171875 0.312500
2 0.457031 0.620117 0.390625 0.427734
2 0.958008 0.633789 0.083984 0.060547
2 0.954102 0.692383 0.091797 0.052734
2 0.954102 0.745117 0.091797 0.048828
2 0.956055 0.798828 0.087891 0.058594
