2 0.589844 0.709961 0.148438 0.060547
2 0.212891 0.848633 0.199219 0.193359
2 0.272461 0.868164 0.236328 0.220703
2 0.326172 0.882812 0.250000 0.234375
2 0.375000 0.905273 0.250000 0.189453
2 0.380859 0.612305 0.164062 0.173828
2 0.405273 0.481445 0.138672 0.154297
2 0.617188 0.226562 0.089844 0.082031
0 0.208008 0.548828 0.154297 0.156250
0 0.289062 0.327148 0.089844 0.087891
0 0.329102 0.242188 0.134766 0.121094
0 0.444336 0.116211 0.119141 0.123047
0 0.500000 0.327148 0.222656 0.181641
0 0.822266 0.194336 0.105469 0.123047
0 0.774414 0.095703 0.072266 0.066406
0 0.748047 0.169922 0.042969 0.085938
0 0.742188 0.239258 0.046875 0.060547
0 0.748047 0.352539 0.101562 0.099609
0 0.833984 0.459961 0.082031 0.107422
0 0.614258 0.504883 0.138672 0.119141
0 0.666016 0.563477 0.089844 0.134766
0 0.779297 0.636719 0.195312 0.160156
0 0.927734 0.897461 0.117188 0.041016
0 0.979492 0.816406 0.041016 0.089844
1 0.756836 0.661133 0.033203 0.025391
