0 0.073242 0.147461 0.123047 0.111328
0 0.148438 0.092773 0.125000 0.119141
0 0.265625 0.045898 0.171875 0.087891
0 0.594727 0.055664 0.123047 0.095703
0 0.492188 0.140625 0.136719 0.093750
0 0.477539 0.236328 0.169922 0.105469
0 0.208984 0.336914 0.082031 0.111328
0 0.291992 0.342773 0.068359 0.111328
0 0.376953 0.342773 0.082031 0.126953
0 0.727539 0.130859 0.146484 0.156250
0 0.628906 0.209961 0.144531 0.166016
0 0.718750 0.338867 0.308594 0.255859
0 0.900391 0.083984 0.113281 0.093750
0 0.972656 0.077148 0.054688 0.103516
0 0.871094 0.569336 0.257812 0.404297
0 0.494141 0.777344 0.359375 0.250000
0 0.706055 0.901367 0.169922 0.111328
0 0.210938 0.485352 0.199219 0.189453
0 0.407227 0.464844 0.201172 0.113281
0 0.362305 0.560547 0.123047 0.085938
0 0.207031 0.665039 0.140625 0.138672
0 0.067383 0.598633 0.119141 0.103516
0 0.071289 0.683594 0.126953 0.105469
0 0.101562 0.769531 0.140625 0.125000
