0 0.485352 0.109375 0.130859 0.105469
0 0.480469 0.220703 0.078125 0.109375
0 0.586914 0.153320 0.087891 0.107422
0 0.693359 0.182617 0.093750 0.095703
0 0.365234 0.500977 0.144531 0.107422
0 0.429688 0.552734 0.085938 0.089844
0 0.624023 0.323242 0.185547 0.126953
0 0.752930 0.341797 0.142578 0.148438
0 0.041992 0.532227 0.080078 0.189453
0 0.121094 0.477539 0.089844 0.064453
0 0.073242 0.276367 0.060547 0.060547
0 0.028320 0.268555 0.052734 0.154297
1 0.903320 0.536133 0.193359 0.107422
1 0.901367 0.696289 0.197266 0.099609
