0 0.380859 0.368164 0.226562 0.146484
0 0.291016 0.513672 0.109375 0.136719
0 0.038086 0.767578 0.072266 0.128906
0 0.149414 0.749023 0.134766 0.080078
0 0.306641 0.676758 0.171875 0.068359
0 0.699219 0.325195 0.109375 0.080078
0 0.742188 0.091797 0.125000 0.136719
0 0.538086 0.599609 0.095703 0.117188
0 0.651367 0.570312 0.107422 0.121094
0 0.604492 0.820312 0.119141 0.117188
0 0.801758 0.591797 0.130859 0.144531
0 0.910156 0.755859 0.121094 0.167969
0 0.726562 0.906250 0.121094 0.121094
0 0.871094 0.894531 0.148438 0.117188
0 0.555664 0.213867 0.111328 0.126953
0 0.873047 0.369141 0.109375 0.078125
0 0.425781 0.567383 0.070312 0.072266
1 0.266602 0.832031 0.033203 0.046875
1 0.364258 0.731445 0.044922 0.033203
1 0.281250 0.934570 0.046875 0.041016
1 0.832031 0.261719 0.046875 0.046875
1 0.905273 0.467773 0.041016 0.044922
1 0.779297 0.787109 0.054688 0.023438
