2 0.290039 0.259766 0.099609 0.511719
2 0.580078 0.669922 0.250000 0.199219
2 0.452148 0.492188 0.251953 0.246094
2 0.709961 0.490234 0.330078 0.210938
2 0.492188 0.294922 0.312500 0.183594
2 0.516602 0.111328 0.369141 0.218750
2 0.835938 0.062500 0.328125 0.121094
2 0.837891 0.188477 0.324219 0.162109
2 0.815430 0.315430 0.369141 0.224609
2 0.926758 0.485352 0.146484 0.142578
2 0.959961 0.613281 0.080078 0.101562
2 0.887695 0.691406 0.224609 0.171875
2 0.935547 0.816406 0.128906 0.156250
2 0.965820 0.938477 0.068359 0.123047
