1 0.155273 0.471680 0.080078 0.076172
1 0.070312 0.473633 0.093750 0.076172
1 0.049805 0.508789 0.095703 0.072266
1 0.033203 0.561523 0.062500 0.072266
1 0.029297 0.602539 0.054688 0.060547
1 0.017578 0.641602 0.031250 0.048828
1 0.167969 0.529297 0.136719 0.070312
1 0.161133 0.575195 0.134766 0.099609
1 0.132812 0.615234 0.132812 0.085938
1 0.112305 0.655273 0.134766 0.087891
1 0.100586 0.692383 0.107422 0.080078
1 0.074219 0.734375 0.105469 0.082031
1 0.057617 0.778320 0.099609 0.095703
1 0.057617 0.812500 0.111328 0.082031
1 0.041992 0.867188 0.080078 0.089844
2 0.698242 0.044922 0.107422 0.085938
0 0.789062 0.204102 0.144531 0.166016
0 0.970703 0.228516 0.058594 0.214844
0 0.948242 0.352539 0.103516 0.076172
0 0.935547 0.471680 0.128906 0.185547
2 0.924805 0.614258 0.064453 0.154297
2 0.982422 0.616211 0.035156 0.126953
0 0.582031 0.601562 0.175781 0.179688
0 0.588867 0.912109 0.154297 0.175781
0 0.732422 0.934570 0.156250 0.130859
2 0.765625 0.780273 0.109375 0.115234
2 0.751953 0.671875 0.121094 0.085938
0 0.897461 0.809570 0.115234 0.146484
