0 0.152344 0.112305 0.113281 0.060547
0 0.127930 0.046875 0.072266 0.089844
0 0.044922 0.032227 0.078125 0.060547
0 0.016602 0.315430 0.029297 0.095703
0 0.324219 0.299805 0.093750 0.052734
0 0.350586 0.378906 0.076172 0.101562
0 0.365234 0.477539 0.097656 0.095703
0 0.314453 0.579102 0.125000 0.068359
0 0.403320 0.656250 0.095703 0.097656
0 0.457031 0.644531 0.039062 0.054688
0 0.533203 0.547852 0.097656 0.130859
0 0.599609 0.556641 0.113281 0.117188
0 0.686523 0.605469 0.048828 0.089844
0 0.781250 0.571289 0.156250 0.138672
0 0.941406 0.599609 0.117188 0.113281
0 0.960938 0.712891 0.078125 0.128906
0 0.568359 0.402344 0.128906 0.105469
0 0.662109 0.278320 0.128906 0.166016
0 0.879883 0.055664 0.177734 0.107422
0 0.772461 0.205078 0.302734 0.195312
0 0.952148 0.296875 0.095703 0.128906
0 0.918945 0.900391 0.162109 0.199219
0 0.576172 0.778320 0.148438 0.138672
0 0.283203 0.633789 0.078125 0.041016
2 0.285156 0.688477 0.093750 0.068359
2 0.060547 0.498047 0.066406 0.085938
