2 0.136719 0.072266 0.269531 0.140625
2 0.094727 0.175781 0.185547 0.125000
2 0.083008 0.302734 0.162109 0.156250
2 0.083008 0.456055 0.162109 0.169922
2 0.100586 0.646484 0.197266 0.210938
2 0.224609 0.465820 0.183594 0.205078
2 0.260742 0.297852 0.232422 0.189453
2 0.326172 0.141602 0.281250 0.236328
2 0.743164 0.875000 0.189453 0.191406
1 0.879883 0.952148 0.060547 0.064453
0 0.506836 0.342773 0.134766 0.111328
0 0.620117 0.271484 0.142578 0.144531
0 0.759766 0.309570 0.144531 0.181641
0 0.881836 0.273438 0.193359 0.164062
0 0.951172 0.331055 0.097656 0.201172
0 0.951172 0.447266 0.097656 0.082031
0 0.805664 0.421875 0.173828 0.093750
0 0.893555 0.543945 0.158203 0.130859
0 0.622070 0.477539 0.232422 0.146484
0 0.844727 0.776367 0.189453 0.189453
0 0.878906 0.935547 0.242188 0.128906
