0 0.056641 0.061523 0.109375 0.119141
0 0.339844 0.263672 0.160156 0.109375
0 0.681641 0.047852 0.195312 0.091797
0 0.794922 0.207031 0.156250 0.136719
0 0.637695 0.319336 0.162109 0.154297
0 0.531250 0.386719 0.148438 0.125000
0 0.484375 0.500977 0.167969 0.126953
0 0.335938 0.386719 0.121094 0.117188
0 0.218750 0.412109 0.203125 0.160156
2 0.675781 0.625977 0.203125 0.107422
1 0.348633 0.671875 0.072266 0.046875
0 0.357422 0.707031 0.140625 0.148438
0 0.380859 0.833984 0.199219 0.121094
0 0.332031 0.945312 0.203125 0.109375
0 0.929688 0.882812 0.140625 0.234375
0 0.942383 0.728516 0.115234 0.164062
0 0.931641 0.578125 0.136719 0.156250
