0 0.715820 0.093750 0.197266 0.183594
0 0.549805 0.057617 0.091797 0.111328
0 0.422852 0.065430 0.111328 0.115234
0 0.253906 0.032227 0.207031 0.060547
0 0.043945 0.068359 0.083984 0.132812
0 0.085938 0.242188 0.121094 0.121094
0 0.235352 0.429688 0.466797 0.207031
0 0.329102 0.591797 0.154297 0.128906
0 0.230469 0.553711 0.113281 0.083984
0 0.109375 0.533203 0.093750 0.078125
0 0.098633 0.643555 0.087891 0.107422
1 0.020508 0.664062 0.037109 0.066406
1 0.220703 0.708984 0.054688 0.050781
1 0.773438 0.682617 0.093750 0.087891
0 0.957031 0.315430 0.085938 0.326172
0 0.780273 0.577148 0.166016 0.130859
0 0.803711 0.693359 0.220703 0.183594
0 0.750977 0.804688 0.212891 0.156250
0 0.639648 0.873047 0.142578 0.136719
0 0.055664 0.867188 0.107422 0.234375
0 0.235352 0.732422 0.134766 0.164062
0 0.380859 0.722656 0.191406 0.121094
0 0.331055 0.587891 0.158203 0.128906
