2 0.558594 0.512695 0.445312 0.744141
2 0.502930 0.483398 0.447266 0.744141
2 0.448242 0.446289 0.451172 0.740234
2 0.390625 0.396484 0.425781 0.726562
2 0.331055 0.364258 0.431641 0.720703
2 0.273438 0.347656 0.445312 0.691406
2 0.208984 0.333984 0.410156 0.664062
2 0.930664 0.107422 0.126953 0.210938
2 0.874023 0.083008 0.158203 0.162109
2 0.794922 0.064453 0.140625 0.125000
2 0.713867 0.041992 0.134766 0.080078
2 0.792969 0.652344 0.414062 0.695312
2 0.835938 0.716797 0.328125 0.566406
2 0.914062 0.854492 0.171875 0.291016
