2 0.323242 0.205078 0.642578 0.406250
2 0.023438 0.565430 0.042969 0.044922
2 0.036133 0.620117 0.064453 0.068359
2 0.048828 0.683594 0.089844 0.078125
2 0.065430 0.731445 0.126953 0.103516
2 0.080078 0.794922 0.156250 0.136719
2 0.090820 0.860352 0.169922 0.138672
2 0.109375 0.912109 0.199219 0.144531
2 0.142578 0.945312 0.183594 0.109375
2 0.218750 0.972656 0.148438 0.054688
2 0.762695 0.858398 0.474609 0.283203
2 0.416016 0.375977 0.675781 0.427734
2 0.455078 0.434570 0.675781 0.427734
2 0.488281 0.502930 0.675781 0.419922
2 0.521484 0.566406 0.679688 0.414062
2 0.564453 0.625977 0.679688 0.423828
