2 0.143555 0.091797 0.279297 0.164062
2 0.217773 0.138672 0.423828 0.250000
2 0.287109 0.172852 0.558594 0.318359
2 0.352539 0.175781 0.685547 0.332031
2 0.403320 0.267578 0.720703 0.453125
2 0.437500 0.332031 0.734375 0.457031
2 0.474609 0.406250 0.734375 0.453125
2 0.514648 0.477539 0.708984 0.443359
2 0.553711 0.546875 0.744141 0.453125
2 0.597656 0.618164 0.718750 0.462891
2 0.895508 0.085938 0.208984 0.144531
2 0.911133 0.153320 0.177734 0.162109
2 0.938477 0.220703 0.123047 0.140625
2 0.948242 0.300781 0.103516 0.132812
