2 0.468750 0.041016 0.429688 0.078125
2 0.270508 0.087891 0.212891 0.128906
2 0.106445 0.163086 0.208984 0.123047
2 0.126953 0.284180 0.250000 0.134766
2 0.167969 0.416992 0.304688 0.130859
2 0.229492 0.541016 0.306641 0.140625
2 0.286133 0.658203 0.275391 0.101562
2 0.332031 0.771484 0.246094 0.148438
2 0.379883 0.923828 0.197266 0.152344
2 0.297852 0.249023 0.271484 0.271484
2 0.631836 0.154297 0.509766 0.210938
2 0.638672 0.344727 0.468750 0.232422
2 0.575195 0.521484 0.525391 0.230469
2 0.886719 0.524414 0.226562 0.208984
2 0.795898 0.676758 0.408203 0.212891
2 0.489258 0.750977 0.337891 0.302734
2 0.789062 0.866211 0.421875 0.185547
2 0.788086 0.950195 0.423828 0.099609
2 0.508789 0.921875 0.388672 0.156250
0 0.085938 0.835938 0.167969 0.246094
0 0.258789 0.950195 0.169922 0.099609
