0 0.405273 0.088867 0.119141 0.134766
0 0.524414 0.094727 0.134766 0.083984
0 0.627930 0.220703 0.130859 0.148438
0 0.947266 0.552734 0.101562 0.152344
0 0.538086 0.239258 0.123047 0.166016
0 0.398438 0.200195 0.144531 0.119141
0 0.205078 0.163086 0.183594 0.115234
0 0.074219 0.090820 0.144531 0.119141
0 0.209961 0.059570 0.220703 0.115234
0 0.171875 0.381836 0.152344 0.166016
0 0.299805 0.467773 0.091797 0.099609
0 0.959961 0.406250 0.080078 0.125000
0 0.892578 0.231445 0.128906 0.134766
0 0.743164 0.455078 0.119141 0.128906
0 0.686523 0.557617 0.162109 0.119141
