0 0.669922 0.190430 0.128906 0.123047
0 0.669922 0.416016 0.121094 0.113281
0 0.036133 0.722656 0.068359 0.140625
0 0.044922 0.250977 0.085938 0.158203
0 0.121094 0.854492 0.128906 0.119141
0 0.917969 0.415039 0.105469 0.126953
0 0.668945 0.286133 0.087891 0.064453
0 0.625000 0.965820 0.109375 0.068359
0 0.844727 0.953125 0.142578 0.093750
0 0.968750 0.951172 0.062500 0.097656
0 0.630859 0.882812 0.078125 0.078125
0 0.844727 0.600586 0.162109 0.166016
0 0.658203 0.729492 0.152344 0.185547
1 0.665039 0.727539 0.037109 0.033203
2 0.826172 0.047852 0.062500 0.091797
2 0.938477 0.223633 0.037109 0.126953
2 0.988281 0.226562 0.023438 0.125000
