0 0.243164 0.044922 0.134766 0.085938
0 0.192383 0.116211 0.091797 0.091797
0 0.379883 0.084961 0.142578 0.123047
0 0.582031 0.070312 0.132812 0.117188
0 0.500000 0.186523 0.187500 0.193359
0 0.742188 0.153320 0.140625 0.232422
0 0.872070 0.036133 0.142578 0.068359
0 0.949219 0.150391 0.101562 0.230469
0 0.883789 0.334961 0.138672 0.115234
0 0.821289 0.436523 0.099609 0.091797
0 0.670898 0.501953 0.130859 0.101562
0 0.617188 0.375000 0.179688 0.152344
0 0.048828 0.181641 0.093750 0.269531
0 0.118164 0.498047 0.158203 0.203125
0 0.259766 0.537109 0.128906 0.199219
0 0.373047 0.580078 0.105469 0.160156
0 0.199219 0.786133 0.179688 0.154297
2 0.528320 0.532227 0.111328 0.208984
2 0.195312 0.967773 0.382812 0.064453
