2 0.112305 0.069336 0.072266 0.130859
1 0.041992 0.525391 0.080078 0.031250
1 0.065430 0.575195 0.126953 0.033203
1 0.097656 0.624023 0.191406 0.025391
1 0.118164 0.674805 0.228516 0.029297
1 0.127930 0.724609 0.248047 0.027344
1 0.125977 0.777344 0.248047 0.031250
1 0.068359 0.823242 0.132812 0.025391
1 0.117188 0.876953 0.230469 0.031250
1 0.112305 0.924805 0.220703 0.025391
1 0.315430 0.775391 0.068359 0.019531
1 0.368164 0.825195 0.173828 0.029297
1 0.410156 0.878906 0.253906 0.031250
1 0.417969 0.926758 0.277344 0.029297
1 0.412109 0.974609 0.265625 0.031250
1 0.789062 0.802734 0.226562 0.101562
1 0.813477 0.930664 0.373047 0.091797
1 0.971680 0.418945 0.056641 0.041016
