0 0.206055 0.143555 0.177734 0.181641
0 0.474609 0.076172 0.226562 0.144531
0 0.297852 0.385742 0.138672 0.087891
0 0.314453 0.444336 0.105469 0.095703
0 0.385742 0.632812 0.130859 0.089844
0 0.280273 0.773438 0.134766 0.132812
0 0.379883 0.871094 0.123047 0.117188
0 0.281250 0.890625 0.121094 0.113281
0 0.528320 0.568359 0.115234 0.148438
0 0.420898 0.416992 0.111328 0.119141
0 0.464844 0.302734 0.125000 0.117188
0 0.678711 0.269531 0.119141 0.113281
0 0.813477 0.229492 0.173828 0.173828
0 0.575195 0.786133 0.228516 0.248047
0 0.853516 0.464844 0.292969 0.160156
1 0.394531 0.227539 0.039062 0.037109
