1 0.989258 0.466797 0.021484 0.031250
1 0.933594 0.508789 0.132812 0.029297
1 0.799805 0.544922 0.177734 0.027344
1 0.978516 0.582031 0.042969 0.031250
1 0.978516 0.624023 0.042969 0.037109
1 0.945312 0.660156 0.109375 0.027344
1 0.902344 0.704102 0.191406 0.025391
1 0.856445 0.742188 0.287109 0.027344
1 0.848633 0.782227 0.302734 0.029297
1 0.832031 0.823242 0.335938 0.029297
1 0.822266 0.864258 0.355469 0.025391
1 0.830078 0.905273 0.339844 0.029297
1 0.846680 0.945312 0.306641 0.031250
1 0.847656 0.984375 0.304688 0.031250
0 0.731445 0.172852 0.537109 0.291016
0 0.119141 0.649414 0.167969 0.103516
0 0.284180 0.651367 0.123047 0.103516
0 0.131836 0.791016 0.162109 0.097656
0 0.291016 0.788086 0.097656 0.103516
0 0.060547 0.938477 0.117188 0.103516
0 0.214844 0.938477 0.164062 0.103516
0 0.484375 0.808594 0.136719 0.101562
0 0.482422 0.942383 0.167969 0.115234
0 0.566406 0.646484 0.246094 0.152344
