2 0.315430 0.862305 0.349609 0.275391
2 0.591797 0.373047 0.277344 0.214844
1 0.801758 0.621094 0.236328 0.210938
0 0.940430 0.876953 0.119141 0.132812
0 0.880859 0.798828 0.128906 0.121094
0 0.951172 0.709961 0.097656 0.119141
2 0.892578 0.414062 0.097656 0.101562
1 0.555664 0.049805 0.068359 0.064453
0 0.682617 0.087891 0.240234 0.125000
0 0.839844 0.059570 0.070312 0.068359
0 0.692383 0.522461 0.228516 0.216797
0 0.826172 0.469727 0.136719 0.134766
0 0.921875 0.506836 0.156250 0.189453
0 0.754883 0.290039 0.154297 0.119141
