2 0.585938 0.637695 0.699219 0.431641
2 0.563477 0.582031 0.697266 0.437500
2 0.519531 0.536133 0.699219 0.400391
2 0.495117 0.470703 0.708984 0.429688
2 0.460938 0.417969 0.691406 0.421875
2 0.428711 0.351562 0.712891 0.425781
2 0.397461 0.288086 0.708984 0.419922
2 0.368164 0.229492 0.689453 0.412109
2 0.335938 0.188477 0.667969 0.373047
2 0.277344 0.151367 0.550781 0.298828
2 0.222656 0.124023 0.437500 0.244141
2 0.152344 0.090820 0.289062 0.177734
2 0.092773 0.049805 0.181641 0.095703
2 0.901367 0.108398 0.197266 0.158203
2 0.916992 0.167969 0.166016 0.148438
2 0.934570 0.228516 0.130859 0.121094
2 0.954102 0.298828 0.091797 0.089844
2 0.968750 0.359375 0.062500 0.085938
2 0.982422 0.422852 0.035156 0.064453
2 0.060547 0.794922 0.117188 0.253906
2 0.131836 0.948242 0.091797 0.091797
2 0.021484 0.843750 0.039062 0.074219
2 0.040039 0.908203 0.076172 0.093750
