2 0.463867 0.567383 0.431641 0.708984
2 0.509766 0.523438 0.429688 0.730469
2 0.565430 0.498047 0.439453 0.734375
2 0.621094 0.472656 0.437500 0.738281
2 0.665039 0.429688 0.439453 0.742188
2 0.719727 0.409180 0.443359 0.732422
2 0.773438 0.375000 0.433594 0.726562
2 0.802734 0.351562 0.394531 0.699219
2 0.842773 0.279297 0.314453 0.554688
2 0.916992 0.142578 0.166016 0.281250
2 0.954102 0.082031 0.091797 0.160156
2 0.698242 0.960938 0.146484 0.078125
2 0.786133 0.944336 0.173828 0.111328
2 0.961914 0.828125 0.076172 0.105469
