2 0.905273 0.350586 0.189453 0.111328
0 0.703125 0.188477 0.125000 0.103516
0 0.653320 0.126953 0.091797 0.066406
0 0.926758 0.036133 0.111328 0.068359
0 0.956055 0.118164 0.087891 0.103516
0 0.406250 0.076172 0.152344 0.113281
0 0.311523 0.166016 0.103516 0.117188
0 0.392578 0.237305 0.117188 0.107422
0 0.294922 0.298828 0.132812 0.148438
0 0.220703 0.411133 0.136719 0.130859
2 0.129883 0.564453 0.103516 0.109375
0 0.089844 0.698242 0.175781 0.142578
0 0.062500 0.811523 0.121094 0.099609
0 0.157227 0.871094 0.091797 0.121094
0 0.281250 0.845703 0.167969 0.164062
0 0.253906 0.961914 0.359375 0.076172
0 0.402344 0.763672 0.191406 0.121094
0 0.319336 0.627930 0.220703 0.185547
0 0.420898 0.598633 0.154297 0.162109
1 0.695312 0.711914 0.105469 0.087891
0 0.662109 0.652344 0.179688 0.132812
0 0.727539 0.810547 0.146484 0.128906
0 0.673828 0.950195 0.171875 0.099609
0 0.785156 0.530273 0.191406 0.169922
0 0.636719 0.416992 0.156250 0.150391
0 0.663086 0.519531 0.103516 0.082031
0 0.552734 0.320312 0.171875 0.148438
