1 0.805664 0.208984 0.181641 0.109375
1 0.772461 0.369141 0.177734 0.105469
1 0.051758 0.353516 0.099609 0.101562
1 0.037109 0.529297 0.070312 0.105469
1 0.182617 0.529297 0.181641 0.101562
1 0.380859 0.530273 0.183594 0.103516
1 0.577148 0.529297 0.177734 0.105469
1 0.772461 0.529297 0.181641 0.105469
1 0.939453 0.531250 0.121094 0.097656
1 0.226562 0.692383 0.179688 0.107422
1 0.423828 0.690430 0.175781 0.107422
1 0.621094 0.688477 0.179688 0.099609
1 0.821289 0.689453 0.177734 0.105469
1 0.962891 0.692383 0.074219 0.107422
1 0.347656 0.842773 0.179688 0.103516
1 0.548828 0.840820 0.171875 0.107422
1 0.741211 0.837891 0.177734 0.105469
1 0.922852 0.839844 0.146484 0.101562
1 0.520508 0.972656 0.248047 0.054688
1 0.747070 0.971680 0.177734 0.056641
1 0.928711 0.970703 0.142578 0.058594
