2 0.874023 0.038086 0.251953 0.072266
2 0.534180 0.051758 0.427734 0.099609
2 0.474609 0.138672 0.371094 0.132812
2 0.691406 0.252930 0.289062 0.138672
2 0.899414 0.378906 0.201172 0.132812
2 0.877930 0.123047 0.244141 0.109375
2 0.723633 0.156250 0.130859 0.101562
2 0.901367 0.262695 0.197266 0.181641
0 0.057617 0.298828 0.111328 0.160156
2 0.118164 0.524414 0.177734 0.248047
2 0.269531 0.556641 0.164062 0.199219
2 0.416992 0.621094 0.142578 0.187500
2 0.532227 0.681641 0.130859 0.195312
2 0.653320 0.734375 0.142578 0.191406
2 0.779297 0.783203 0.144531 0.183594
2 0.747070 0.869141 0.169922 0.125000
2 0.314453 0.899414 0.316406 0.173828
