0 0.649414 0.057617 0.150391 0.111328
0 0.838867 0.053711 0.248047 0.103516
0 0.724609 0.251953 0.191406 0.148438
0 0.426758 0.297852 0.146484 0.091797
2 0.177734 0.922852 0.121094 0.099609
2 0.297852 0.973633 0.095703 0.052734
2 0.421875 0.942383 0.160156 0.115234
2 0.513672 0.877930 0.128906 0.138672
2 0.579102 0.870117 0.130859 0.111328
2 0.908203 0.837891 0.171875 0.199219
2 0.787109 0.872070 0.183594 0.146484
2 0.965820 0.771484 0.068359 0.171875
2 0.764648 0.472656 0.470703 0.121094
2 0.741211 0.595703 0.517578 0.121094
2 0.714844 0.706055 0.410156 0.080078
2 0.713867 0.777344 0.251953 0.078125
0 0.947266 0.187500 0.105469 0.125000
