1 0.110352 0.315430 0.130859 0.041016
1 0.173828 0.370117 0.171875 0.044922
1 0.211914 0.426758 0.166016 0.056641
1 0.249023 0.485352 0.154297 0.064453
1 0.292969 0.548828 0.121094 0.054688
1 0.323242 0.604492 0.123047 0.056641
1 0.354492 0.665039 0.138672 0.064453
1 0.389648 0.727539 0.154297 0.068359
1 0.660156 0.575195 0.042969 0.029297
1 0.903320 0.665039 0.037109 0.029297
1 0.958984 0.935547 0.027344 0.031250
2 0.031250 0.681641 0.058594 0.546875
0 0.065430 0.085938 0.126953 0.097656
0 0.416992 0.210938 0.091797 0.062500
0 0.520508 0.267578 0.142578 0.113281
0 0.761719 0.364258 0.128906 0.119141
0 0.824219 0.501953 0.148438 0.140625
0 0.579102 0.604492 0.107422 0.099609
0 0.743164 0.887695 0.103516 0.134766
0 0.905273 0.834961 0.134766 0.076172
0 0.960938 0.489258 0.078125 0.119141
0 0.955078 0.606445 0.089844 0.087891
