0 0.549805 0.719727 0.048828 0.060547
0 0.630859 0.708008 0.101562 0.099609
0 0.889648 0.534180 0.107422 0.103516
0 0.825195 0.592773 0.052734 0.099609
0 0.609375 0.545898 0.074219 0.103516
0 0.615234 0.461914 0.105469 0.060547
0 0.689453 0.349609 0.152344 0.152344
0 0.695312 0.442383 0.066406 0.060547
0 0.937500 0.312500 0.101562 0.109375
0 0.858398 0.218750 0.185547 0.152344
0 0.585938 0.294922 0.136719 0.132812
0 0.337891 0.251953 0.140625 0.152344
0 0.431641 0.359375 0.121094 0.121094
0 0.096680 0.439453 0.134766 0.125000
0 0.168945 0.485352 0.076172 0.076172
0 0.201172 0.568359 0.128906 0.097656
0 0.118164 0.642578 0.111328 0.121094
0 0.040039 0.504883 0.076172 0.166016
0 0.027344 0.669922 0.050781 0.210938
0 0.171875 0.700195 0.082031 0.060547
0 0.329102 0.496094 0.111328 0.109375
