2 0.390625 0.714844 0.445312 0.316406
2 0.339844 0.754883 0.480469 0.333984
2 0.304688 0.780273 0.511719 0.349609
2 0.266602 0.807617 0.513672 0.365234
2 0.227539 0.843750 0.451172 0.304688
2 0.304688 0.219727 0.222656 0.435547
2 0.352539 0.215820 0.220703 0.427734
2 0.408203 0.196289 0.195312 0.388672
2 0.468750 0.177734 0.164062 0.351562
2 0.515625 0.170898 0.195312 0.337891
2 0.569336 0.147461 0.189453 0.291016
2 0.628906 0.144531 0.167969 0.285156
2 0.671875 0.115234 0.144531 0.226562
2 0.712891 0.035156 0.082031 0.066406
2 0.782227 0.073242 0.064453 0.142578
2 0.845703 0.079102 0.066406 0.154297
2 0.900391 0.092773 0.070312 0.181641
2 0.944336 0.100586 0.083984 0.197266
2 0.669922 0.454102 0.207031 0.240234
2 0.750977 0.541992 0.205078 0.228516
2 0.624023 0.849609 0.251953 0.300781
2 0.693359 0.871094 0.218750 0.257812
2 0.735352 0.880859 0.205078 0.238281
2 0.812500 0.895508 0.183594 0.208984
2 0.864258 0.911133 0.142578 0.177734
0 0.866211 0.298828 0.158203 0.226562
