2 0.110352 0.059570 0.189453 0.115234
1 0.273438 0.169922 0.164062 0.046875
1 0.270508 0.211914 0.197266 0.048828
1 0.272461 0.253906 0.177734 0.050781
1 0.271484 0.307617 0.195312 0.052734
1 0.419922 0.038086 0.066406 0.044922
1 0.509766 0.039062 0.093750 0.042969
1 0.410156 0.083984 0.089844 0.050781
1 0.517578 0.082031 0.113281 0.046875
1 0.415039 0.128906 0.076172 0.046875
1 0.523438 0.128906 0.132812 0.054688
1 0.414062 0.173828 0.089844 0.046875
1 0.534180 0.167969 0.150391 0.046875
1 0.417969 0.211914 0.085938 0.048828
1 0.543945 0.214844 0.169922 0.058594
1 0.416016 0.256836 0.078125 0.056641
1 0.527344 0.258789 0.156250 0.048828
1 0.415039 0.308594 0.091797 0.050781
1 0.515625 0.313477 0.078125 0.052734
1 0.839844 0.946289 0.152344 0.107422
2 0.928711 0.843750 0.142578 0.312500
2 0.862305 0.808594 0.162109 0.171875
