0 0.545898 0.184570 0.177734 0.275391
0 0.151367 0.382812 0.099609 0.097656
0 0.229492 0.415039 0.064453 0.119141
0 0.067383 0.510742 0.068359 0.099609
0 0.153320 0.614258 0.076172 0.111328
0 0.342773 0.561523 0.107422 0.087891
0 0.386719 0.685547 0.160156 0.171875
0 0.451172 0.797852 0.113281 0.123047
0 0.391602 0.879883 0.111328 0.107422
0 0.171875 0.784180 0.136719 0.111328
0 0.257812 0.871094 0.093750 0.105469
0 0.100586 0.956055 0.099609 0.087891
0 0.766602 0.809570 0.142578 0.115234
0 0.785156 0.917969 0.179688 0.105469
0 0.637695 0.899414 0.107422 0.201172
0 0.490234 0.922852 0.093750 0.154297
0 0.575195 0.502930 0.111328 0.130859
0 0.696289 0.568359 0.326172 0.304688
0 0.932617 0.593750 0.130859 0.152344
0 0.940430 0.460938 0.068359 0.066406
0 0.938477 0.362305 0.087891 0.056641
1 0.930664 0.979492 0.033203 0.041016
1 0.292969 0.745117 0.046875 0.052734
1 0.081055 0.656250 0.041016 0.046875
