0 0.944336 0.185547 0.111328 0.132812
0 0.924805 0.285156 0.134766 0.125000
0 0.737305 0.519531 0.126953 0.132812
0 0.779297 0.459961 0.097656 0.076172
0 0.953125 0.496094 0.093750 0.136719
0 0.913086 0.603516 0.134766 0.156250
0 0.967773 0.663086 0.064453 0.123047
0 0.907227 0.828125 0.134766 0.093750
0 0.874023 0.922852 0.146484 0.154297
0 0.080078 0.737305 0.156250 0.201172
0 0.162109 0.763672 0.125000 0.160156
0 0.277344 0.784180 0.179688 0.142578
0 0.556641 0.855469 0.109375 0.109375
0 0.286133 0.921875 0.255859 0.156250
