0 0.037109 0.160156 0.070312 0.156250
0 0.200195 0.800781 0.107422 0.097656
0 0.277344 0.717773 0.089844 0.064453
0 0.315430 0.768555 0.029297 0.076172
0 0.370117 0.762695 0.052734 0.099609
0 0.440430 0.696289 0.103516 0.087891
0 0.537109 0.803711 0.070312 0.095703
0 0.450195 0.812500 0.068359 0.035156
1 0.469727 0.785156 0.048828 0.039062
0 0.358398 0.901367 0.126953 0.126953
0 0.867188 0.909180 0.117188 0.115234
0 0.982422 0.692383 0.035156 0.072266
0 0.673828 0.978516 0.085938 0.042969
2 0.524414 0.907227 0.119141 0.052734
