0 0.295898 0.126953 0.107422 0.097656
0 0.351562 0.189453 0.046875 0.089844
0 0.454102 0.164062 0.126953 0.113281
0 0.426758 0.041016 0.146484 0.074219
0 0.729492 0.108398 0.111328 0.142578
0 0.871094 0.094727 0.152344 0.111328
0 0.874023 0.216797 0.142578 0.105469
0 0.697266 0.221680 0.113281 0.099609
0 0.586914 0.371094 0.123047 0.125000
0 0.183594 0.370117 0.167969 0.111328
0 0.346680 0.547852 0.158203 0.083984
0 0.286133 0.626953 0.044922 0.074219
0 0.338867 0.708008 0.189453 0.177734
0 0.775391 0.500000 0.132812 0.105469
0 0.823242 0.407227 0.107422 0.087891
0 0.893555 0.644531 0.130859 0.148438
0 0.966797 0.709961 0.062500 0.076172
