0 0.578125 0.026367 0.125000 0.048828
0 0.880859 0.018555 0.121094 0.033203
0 0.942383 0.121094 0.115234 0.238281
0 0.837891 0.407227 0.117188 0.111328
0 0.947266 0.443359 0.097656 0.097656
0 0.534180 0.488281 0.115234 0.132812
0 0.625000 0.520508 0.128906 0.107422
0 0.755859 0.522461 0.109375 0.099609
0 0.839844 0.507812 0.074219 0.085938
0 0.937500 0.584961 0.125000 0.154297
0 0.401367 0.940430 0.228516 0.119141
1 0.385742 0.957031 0.048828 0.062500
0 0.201172 0.368164 0.199219 0.142578
1 0.358398 0.454102 0.041016 0.044922
0 0.569336 0.781250 0.060547 0.054688
