0 0.199219 0.229492 0.109375 0.111328
0 0.343750 0.215820 0.140625 0.107422
0 0.567383 0.473633 0.189453 0.142578
0 0.615234 0.281250 0.140625 0.093750
0 0.805664 0.333984 0.150391 0.105469
0 0.738281 0.100586 0.121094 0.072266
0 0.129883 0.386719 0.130859 0.125000
0 0.027344 0.553711 0.050781 0.064453
0 0.786133 0.583984 0.119141 0.093750
0 0.947266 0.483398 0.105469 0.173828
0 0.385742 0.384766 0.181641 0.140625
1 0.323242 0.389648 0.052734 0.033203
1 0.087891 0.537109 0.050781 0.042969
1 0.084961 0.269531 0.048828 0.031250
1 0.678711 0.540039 0.044922 0.044922
