0 0.290039 0.271484 0.138672 0.128906
0 0.143555 0.374023 0.150391 0.134766
0 0.231445 0.432617 0.130859 0.126953
0 0.291992 0.371094 0.099609 0.085938
0 0.093750 0.434570 0.097656 0.087891
0 0.170898 0.496094 0.099609 0.113281
0 0.246094 0.145508 0.109375 0.111328
0 0.203125 0.048828 0.097656 0.085938
0 0.517578 0.089844 0.187500 0.167969
0 0.576172 0.195312 0.144531 0.136719
0 0.732422 0.081055 0.203125 0.158203
0 0.092773 0.148438 0.095703 0.109375
0 0.437500 0.378906 0.105469 0.097656
0 0.546875 0.398438 0.101562 0.148438
0 0.428711 0.542969 0.099609 0.066406
0 0.381836 0.637695 0.064453 0.146484
2 0.125000 0.667969 0.132812 0.136719
2 0.071289 0.660156 0.123047 0.148438
2 0.405273 0.858398 0.119141 0.263672
2 0.479492 0.831055 0.123047 0.294922
