2 0.478516 0.515625 0.109375 0.421875
2 0.369141 0.434570 0.093750 0.380859
2 0.586914 0.157227 0.181641 0.310547
2 0.673828 0.142578 0.152344 0.281250
2 0.763672 0.142578 0.144531 0.281250
2 0.213867 0.128906 0.123047 0.253906
2 0.302734 0.155273 0.054688 0.150391
2 0.160156 0.818359 0.062500 0.187500
2 0.230469 0.806641 0.078125 0.187500
0 0.222656 0.954102 0.070312 0.091797
0 0.326172 0.950195 0.144531 0.099609
0 0.255859 0.620117 0.117188 0.126953
0 0.024414 0.613281 0.044922 0.156250
0 0.097656 0.625977 0.160156 0.228516
0 0.186523 0.339844 0.126953 0.109375
0 0.287109 0.295898 0.132812 0.103516
0 0.409180 0.075195 0.064453 0.146484
0 0.029297 0.038086 0.050781 0.072266
0 0.034180 0.401367 0.064453 0.076172
1 0.018555 0.102539 0.033203 0.056641
