0 0.900391 0.092773 0.132812 0.091797
0 0.610352 0.421875 0.123047 0.097656
0 0.453125 0.212891 0.152344 0.128906
0 0.455078 0.358398 0.089844 0.095703
0 0.324219 0.146484 0.136719 0.179688
0 0.254883 0.088867 0.154297 0.158203
0 0.162109 0.037109 0.066406 0.070312
0 0.471680 0.038086 0.119141 0.072266
2 0.347656 0.371094 0.132812 0.132812
2 0.158203 0.244141 0.242188 0.210938
2 0.043945 0.290039 0.083984 0.154297
2 0.327148 0.499023 0.587891 0.458984
2 0.295898 0.578125 0.587891 0.484375
2 0.300781 0.672852 0.597656 0.517578
2 0.296875 0.757812 0.589844 0.476562
2 0.209961 0.817383 0.416016 0.357422
