1 0.372070 0.144531 0.080078 0.074219
1 0.396484 0.284180 0.058594 0.064453
0 0.645508 0.096680 0.212891 0.166016
0 0.436523 0.077148 0.197266 0.150391
0 0.295898 0.051758 0.130859 0.099609
0 0.153320 0.435547 0.212891 0.105469
2 0.038086 0.313477 0.072266 0.095703
2 0.191406 0.348633 0.097656 0.072266
2 0.151367 0.894531 0.126953 0.074219
0 0.245117 0.667969 0.154297 0.156250
0 0.394531 0.258789 0.179688 0.138672
0 0.593750 0.318359 0.152344 0.132812
0 0.620117 0.492188 0.244141 0.175781
0 0.857422 0.366211 0.156250 0.123047
0 0.890625 0.539062 0.160156 0.121094
0 0.775391 0.565430 0.109375 0.150391
0 0.778320 0.258789 0.130859 0.240234
0 0.402344 0.451172 0.191406 0.156250
0 0.449219 0.612305 0.199219 0.166016
0 0.454102 0.814453 0.154297 0.140625
0 0.541016 0.815430 0.183594 0.126953
0 0.261719 0.844727 0.203125 0.154297
0 0.859375 0.130859 0.160156 0.128906
