0 0.121094 0.102539 0.164062 0.138672
0 0.055664 0.166992 0.107422 0.142578
0 0.154297 0.414062 0.125000 0.121094
0 0.052734 0.530273 0.101562 0.185547
0 0.126953 0.707031 0.164062 0.140625
0 0.076172 0.876953 0.109375 0.136719
0 0.403320 0.328125 0.212891 0.195312
0 0.393555 0.183594 0.083984 0.109375
0 0.474609 0.189453 0.074219 0.117188
0 0.563477 0.194336 0.103516 0.123047
0 0.667969 0.076172 0.167969 0.105469
0 0.594727 0.305664 0.189453 0.111328
0 0.546875 0.407227 0.125000 0.083984
0 0.248047 0.445312 0.171875 0.128906
0 0.250000 0.524414 0.156250 0.119141
0 0.387695 0.509766 0.158203 0.148438
0 0.280273 0.613281 0.173828 0.128906
0 0.873047 0.180664 0.253906 0.275391
0 0.699219 0.634766 0.386719 0.296875
0 0.911133 0.750000 0.123047 0.117188
