2 0.139648 0.149414 0.275391 0.228516
0 0.284180 0.173828 0.076172 0.066406
0 0.319336 0.250000 0.099609 0.105469
0 0.385742 0.086914 0.099609 0.087891
0 0.470703 0.137695 0.066406 0.142578
0 0.745117 0.198242 0.103516 0.060547
0 0.890625 0.277344 0.152344 0.140625
0 0.951172 0.369141 0.093750 0.105469
0 0.643555 0.507812 0.134766 0.078125
0 0.486328 0.483398 0.101562 0.076172
0 0.239258 0.572266 0.134766 0.097656
0 0.241211 0.666992 0.138672 0.080078
0 0.492188 0.666992 0.144531 0.115234
0 0.511719 0.767578 0.160156 0.089844
2 0.798828 0.975586 0.062500 0.048828
2 0.870117 0.984375 0.033203 0.031250
