2 0.923828 0.118164 0.152344 0.095703
2 0.930664 0.209961 0.138672 0.080078
0 0.537109 0.092773 0.070312 0.080078
0 0.453125 0.086914 0.082031 0.103516
0 0.348633 0.105469 0.080078 0.066406
0 0.269531 0.156250 0.078125 0.082031
0 0.285156 0.291016 0.085938 0.093750
0 0.402344 0.235352 0.074219 0.080078
0 0.370117 0.316406 0.064453 0.085938
0 0.626953 0.247070 0.285156 0.154297
0 0.479492 0.351562 0.091797 0.093750
0 0.541992 0.527344 0.369141 0.187500
0 0.092773 0.494141 0.130859 0.089844
0 0.057617 0.613281 0.107422 0.136719
0 0.184570 0.614258 0.087891 0.115234
0 0.126953 0.777344 0.093750 0.082031
0 0.108398 0.829102 0.119141 0.087891
0 0.195312 0.855469 0.058594 0.070312
0 0.208984 0.774414 0.066406 0.091797
0 0.291992 0.780273 0.103516 0.080078
0 0.395508 0.772461 0.068359 0.068359
0 0.365234 0.863281 0.085938 0.089844
0 0.487305 0.779297 0.111328 0.089844
0 0.430664 0.902344 0.048828 0.070312
0 0.499023 0.970703 0.099609 0.058594
0 0.634766 0.900391 0.144531 0.109375
0 0.650391 0.788086 0.109375 0.115234
0 0.657227 0.652344 0.064453 0.058594
0 0.760742 0.636719 0.083984 0.109375
0 0.720703 0.675781 0.062500 0.070312
0 0.687500 0.719727 0.058594 0.064453
0 0.791016 0.756836 0.117188 0.068359
0 0.759766 0.877930 0.085938 0.095703
0 0.877930 0.857422 0.146484 0.117188
0 0.450195 0.619141 0.130859 0.101562
0 0.071289 0.392578 0.076172 0.105469
