0 0.368164 0.123047 0.107422 0.167969
0 0.331055 0.286133 0.083984 0.154297
0 0.268555 0.321289 0.099609 0.138672
0 0.167969 0.384766 0.136719 0.136719
0 0.073242 0.368164 0.080078 0.107422
0 0.122070 0.230469 0.240234 0.246094
0 0.790039 0.228516 0.126953 0.117188
0 0.690430 0.117188 0.197266 0.156250
0 0.793945 0.067383 0.119141 0.130859
0 0.916992 0.346680 0.115234 0.134766
0 0.838867 0.386719 0.119141 0.136719
0 0.670898 0.472656 0.076172 0.070312
0 0.466797 0.795898 0.125000 0.107422
0 0.035156 0.841797 0.066406 0.140625
0 0.381836 0.683594 0.134766 0.140625
0 0.294922 0.589844 0.109375 0.132812
0 0.215820 0.482422 0.158203 0.121094
0 0.315430 0.446289 0.099609 0.123047
0 0.387695 0.417969 0.103516 0.132812
0 0.385742 0.532227 0.158203 0.091797
0 0.145508 0.458008 0.064453 0.056641
2 0.560547 0.330078 0.207031 0.265625
0 0.940430 0.884766 0.119141 0.183594
0 0.891602 0.178711 0.134766 0.138672
