0 0.021484 0.731445 0.039062 0.291016
0 0.262695 0.546875 0.240234 0.175781
0 0.226562 0.296875 0.074219 0.121094
0 0.604492 0.057617 0.130859 0.095703
0 0.785156 0.022461 0.144531 0.041016
0 0.927734 0.060547 0.082031 0.074219
0 0.829102 0.135742 0.095703 0.099609
0 0.766602 0.208984 0.146484 0.136719
0 0.929688 0.218750 0.105469 0.097656
0 0.826172 0.620117 0.117188 0.083984
0 0.740234 0.685547 0.117188 0.128906
0 0.660156 0.812500 0.113281 0.128906
0 0.765625 0.942383 0.152344 0.115234
0 0.879883 0.735352 0.115234 0.107422
1 0.899414 0.189453 0.044922 0.042969
1 0.016602 0.618164 0.025391 0.033203
