0 0.607422 0.708984 0.132812 0.148438
0 0.817383 0.625000 0.166016 0.222656
0 0.695312 0.527344 0.109375 0.097656
0 0.770508 0.346680 0.146484 0.134766
0 0.825195 0.428711 0.162109 0.130859
0 0.881836 0.502930 0.126953 0.111328
0 0.568359 0.322266 0.148438 0.128906
0 0.677734 0.382812 0.097656 0.089844
0 0.465820 0.347656 0.119141 0.097656
0 0.437500 0.439453 0.199219 0.179688
0 0.216797 0.347656 0.164062 0.160156
0 0.267578 0.249023 0.121094 0.107422
0 0.287109 0.426758 0.148438 0.197266
1 0.298828 0.407227 0.089844 0.064453
0 0.121094 0.727539 0.066406 0.068359
