2 0.164062 0.613281 0.289062 0.773438
2 0.258789 0.596680 0.306641 0.755859
2 0.329102 0.574219 0.294922 0.765625
2 0.415039 0.541016 0.283203 0.773438
2 0.501953 0.517578 0.281250 0.785156
2 0.639648 0.486328 0.298828 0.761719
2 0.723633 0.470703 0.291016 0.769531
2 0.793945 0.446289 0.244141 0.767578
2 0.859375 0.423828 0.238281 0.765625
2 0.066406 0.090820 0.113281 0.177734
2 0.161133 0.077148 0.107422 0.150391
2 0.244141 0.069336 0.093750 0.130859
2 0.317383 0.057617 0.095703 0.111328
2 0.406250 0.052734 0.078125 0.093750
2 0.482422 0.037109 0.097656 0.058594
