2 0.737305 0.187500 0.349609 0.371094
0 0.249023 0.124023 0.087891 0.099609
0 0.045898 0.177734 0.087891 0.097656
0 0.163086 0.229492 0.111328 0.044922
0 0.035156 0.440430 0.066406 0.064453
0 0.243164 0.607422 0.095703 0.140625
0 0.268555 0.812500 0.080078 0.121094
0 0.557617 0.968750 0.107422 0.062500
0 0.665039 0.899414 0.107422 0.087891
0 0.730469 0.766602 0.109375 0.123047
0 0.795898 0.835938 0.060547 0.097656
0 0.855469 0.846680 0.070312 0.087891
0 0.822266 0.911133 0.062500 0.076172
0 0.913086 0.895508 0.068359 0.123047
2 0.232422 0.421875 0.093750 0.156250
0 0.352539 0.391602 0.111328 0.083984
2 0.443359 0.420898 0.058594 0.130859
0 0.082031 0.893555 0.160156 0.111328
