0 0.174805 0.441406 0.150391 0.324219
0 0.094727 0.797852 0.123047 0.205078
0 0.063477 0.957031 0.095703 0.085938
2 0.858398 0.199219 0.283203 0.394531
2 0.889648 0.144531 0.220703 0.285156
2 0.930664 0.089844 0.138672 0.175781
2 0.402344 0.417969 0.187500 0.074219
2 0.475586 0.472656 0.427734 0.156250
2 0.494141 0.559570 0.441406 0.162109
2 0.873047 0.499023 0.253906 0.091797
2 0.679688 0.612305 0.640625 0.193359
2 0.694336 0.697266 0.611328 0.199219
2 0.700195 0.785156 0.599609 0.191406
2 0.714844 0.870117 0.570312 0.189453
2 0.927734 0.940430 0.144531 0.083984
