0 0.874023 0.076172 0.072266 0.093750
0 0.308594 0.735352 0.089844 0.099609
0 0.171875 0.869141 0.179688 0.144531
0 0.057617 0.752930 0.080078 0.064453
0 0.078125 0.577148 0.074219 0.083984
0 0.025391 0.500000 0.046875 0.105469
0 0.095703 0.425781 0.089844 0.074219
0 0.182617 0.555664 0.080078 0.103516
0 0.210938 0.372070 0.226562 0.283203
0 0.056641 0.336914 0.082031 0.072266
0 0.045898 0.123047 0.064453 0.089844
0 0.117188 0.121094 0.070312 0.105469
0 0.225586 0.188477 0.048828 0.056641
0 0.286133 0.165039 0.099609 0.091797
0 0.819336 0.962891 0.095703 0.062500
0 0.024414 0.347656 0.044922 0.070312
