2 0.287109 0.157227 0.570312 0.310547
2 0.761719 0.862305 0.476562 0.275391
2 0.946289 0.105469 0.107422 0.207031
0 0.791992 0.109375 0.072266 0.074219
0 0.908203 0.325195 0.050781 0.080078
2 0.335938 0.208008 0.542969 0.333984
2 0.377930 0.265625 0.560547 0.343750
2 0.411133 0.329102 0.560547 0.361328
2 0.453125 0.384766 0.558594 0.359375
2 0.488281 0.450195 0.558594 0.361328
2 0.519531 0.505859 0.570312 0.363281
2 0.563477 0.570312 0.568359 0.367188
2 0.602539 0.657227 0.564453 0.349609
2 0.639648 0.719727 0.556641 0.345703
2 0.678711 0.779297 0.560547 0.347656
2 0.709961 0.834961 0.548828 0.330078
