0 0.741211 0.219727 0.126953 0.134766
0 0.842773 0.442383 0.123047 0.072266
0 0.786133 0.515625 0.095703 0.113281
0 0.918945 0.579102 0.162109 0.119141
2 0.887695 0.695312 0.224609 0.101562
0 0.518555 0.633789 0.158203 0.119141
0 0.521484 0.722656 0.082031 0.078125
0 0.571289 0.793945 0.138672 0.142578
0 0.547852 0.933594 0.162109 0.105469
0 0.667969 0.932617 0.085938 0.134766
0 0.336914 0.908203 0.166016 0.175781
0 0.147461 0.929688 0.146484 0.128906
0 0.211914 0.160156 0.146484 0.207031
0 0.311523 0.089844 0.162109 0.148438
0 0.343750 0.241211 0.183594 0.154297
0 0.401367 0.309570 0.205078 0.177734
0 0.606445 0.342773 0.142578 0.146484
0 0.451172 0.049805 0.160156 0.095703
2 0.706055 0.071289 0.169922 0.138672
2 0.829102 0.046875 0.130859 0.089844
0 0.902344 0.261719 0.101562 0.125000
0 0.944336 0.356445 0.111328 0.134766
0 0.944336 0.171875 0.111328 0.070312
