0 0.074219 0.364258 0.070312 0.072266
0 0.198242 0.439453 0.095703 0.093750
0 0.164062 0.511719 0.117188 0.117188
0 0.229492 0.594727 0.111328 0.126953
0 0.263672 0.527344 0.054688 0.058594
0 0.102539 0.647461 0.119141 0.099609
0 0.243164 0.835938 0.138672 0.113281
0 0.068359 0.929688 0.132812 0.062500
0 0.035156 0.571289 0.066406 0.083984
0 0.731445 0.738281 0.142578 0.144531
0 0.707031 0.867188 0.148438 0.128906
0 0.861328 0.827148 0.093750 0.091797
0 0.845703 0.923828 0.148438 0.132812
0 0.920898 0.973633 0.091797 0.052734
0 0.316406 0.921875 0.074219 0.113281
0 0.383789 0.929688 0.111328 0.132812
0 0.038086 0.703125 0.072266 0.062500
