0 0.251953 0.068359 0.085938 0.062500
0 0.272461 0.024414 0.126953 0.041016
0 0.037109 0.675781 0.070312 0.089844
0 0.379883 0.270508 0.146484 0.103516
0 0.433594 0.175781 0.050781 0.093750
0 0.600586 0.148438 0.244141 0.121094
0 0.805664 0.200195 0.138672 0.123047
0 0.708984 0.465820 0.121094 0.115234
0 0.341797 0.686523 0.156250 0.119141
0 0.363281 0.408203 0.175781 0.175781
0 0.223633 0.281250 0.095703 0.050781
0 0.217773 0.390625 0.099609 0.152344
0 0.482422 0.287109 0.062500 0.085938
0 0.528320 0.352539 0.072266 0.060547
0 0.586914 0.412109 0.072266 0.117188
0 0.557617 0.703125 0.111328 0.128906
0 0.637695 0.592773 0.189453 0.126953
0 0.872070 0.658203 0.115234 0.160156
0 0.848633 0.791016 0.150391 0.109375
0 0.786133 0.901367 0.115234 0.134766
0 0.211914 0.937500 0.119141 0.093750
0 0.248047 0.843750 0.105469 0.105469
0 0.378906 0.842773 0.128906 0.123047
0 0.481445 0.856445 0.111328 0.123047
0 0.444336 0.961914 0.126953 0.076172
0 0.824219 0.078125 0.164062 0.128906
1 0.777344 0.872070 0.046875 0.029297
1 0.801758 0.889648 0.025391 0.037109
