1 0.121094 0.026367 0.218750 0.037109
1 0.153320 0.076172 0.166016 0.035156
1 0.177734 0.122070 0.156250 0.037109
1 0.204102 0.169922 0.146484 0.035156
1 0.252930 0.217773 0.083984 0.033203
1 0.154297 0.262695 0.304688 0.037109
1 0.142578 0.310547 0.281250 0.027344
1 0.146484 0.357422 0.234375 0.039062
1 0.157227 0.405273 0.236328 0.033203
1 0.159180 0.457031 0.197266 0.035156
1 0.073242 0.502930 0.037109 0.029297
1 0.034180 0.208984 0.064453 0.031250
1 0.033203 0.165039 0.062500 0.029297
1 0.022461 0.114258 0.041016 0.033203
1 0.368164 0.819336 0.236328 0.033203
1 0.335938 0.865234 0.308594 0.027344
1 0.312500 0.910156 0.390625 0.027344
1 0.302734 0.956055 0.441406 0.033203
