1 0.635742 0.030273 0.263672 0.033203
1 0.465820 0.131836 0.056641 0.029297
1 0.448242 0.183594 0.095703 0.027344
1 0.438477 0.233398 0.111328 0.029297
1 0.418945 0.282227 0.142578 0.037109
1 0.356445 0.331055 0.267578 0.037109
1 0.351562 0.383789 0.285156 0.029297
1 0.368164 0.432617 0.248047 0.029297
1 0.421875 0.488281 0.148438 0.027344
1 0.669922 0.129883 0.273438 0.037109
1 0.669922 0.181641 0.265625 0.035156
1 0.669922 0.233398 0.265625 0.025391
1 0.669922 0.284180 0.265625 0.029297
1 0.671875 0.333984 0.269531 0.031250
1 0.879883 0.235352 0.103516 0.029297
1 0.906250 0.286133 0.156250 0.029297
1 0.913086 0.333008 0.173828 0.029297
1 0.912109 0.381836 0.175781 0.029297
1 0.911133 0.431641 0.177734 0.031250
1 0.911133 0.478516 0.177734 0.035156
1 0.898438 0.534180 0.164062 0.033203
1 0.914062 0.585938 0.171875 0.031250
1 0.912109 0.631836 0.175781 0.033203
1 0.911133 0.685547 0.177734 0.035156
1 0.913086 0.736328 0.173828 0.027344
1 0.671875 0.381836 0.257812 0.029297
1 0.672852 0.435547 0.267578 0.031250
1 0.669922 0.485352 0.257812 0.029297
1 0.670898 0.536133 0.259766 0.029297
1 0.706055 0.584961 0.189453 0.029297
1 0.765625 0.635742 0.066406 0.029297
1 0.044922 0.629883 0.085938 0.033203
1 0.044922 0.695312 0.082031 0.035156
1 0.068359 0.758789 0.128906 0.037109
1 0.060547 0.824219 0.117188 0.031250
1 0.064453 0.886719 0.125000 0.035156
