1 0.835938 0.605469 0.328125 0.183594
1 0.810547 0.764648 0.378906 0.232422
1 0.783203 0.890625 0.433594 0.199219
1 0.565430 0.954102 0.212891 0.091797
1 0.059570 0.921875 0.115234 0.023438
2 0.505859 0.544922 0.128906 0.175781
2 0.927734 0.271484 0.144531 0.082031
2 0.483398 0.163086 0.275391 0.322266
2 0.431641 0.190430 0.300781 0.357422
2 0.376953 0.226562 0.300781 0.339844
2 0.326172 0.262695 0.308594 0.345703
2 0.308594 0.296875 0.347656 0.335938
2 0.247070 0.352539 0.291016 0.337891
2 0.175781 0.450195 0.320312 0.376953
