1 0.420898 0.581055 0.193359 0.177734
1 0.517578 0.462891 0.195312 0.175781
1 0.682617 0.603516 0.189453 0.171875
1 0.775391 0.486328 0.191406 0.175781
1 0.871094 0.365234 0.191406 0.179688
1 0.614258 0.350586 0.205078 0.173828
1 0.706055 0.228516 0.197266 0.179688
2 0.106445 0.859375 0.208984 0.281250
2 0.141602 0.877930 0.236328 0.244141
2 0.048828 0.729492 0.093750 0.162109
2 0.026367 0.663086 0.048828 0.103516
2 0.306641 0.933594 0.101562 0.113281
2 0.239258 0.279297 0.470703 0.554688
2 0.202148 0.251953 0.400391 0.500000
2 0.164062 0.201172 0.324219 0.398438
2 0.124023 0.156250 0.244141 0.308594
2 0.088867 0.105469 0.173828 0.207031
2 0.051758 0.061523 0.099609 0.119141
