0 0.797852 0.172852 0.134766 0.087891
0 0.840820 0.312500 0.095703 0.089844
0 0.698242 0.311523 0.099609 0.091797
0 0.835938 0.596680 0.117188 0.107422
0 0.779297 0.728516 0.148438 0.132812
0 0.429688 0.401367 0.113281 0.103516
0 0.244141 0.501953 0.121094 0.101562
0 0.185547 0.573242 0.101562 0.154297
0 0.119141 0.666992 0.128906 0.134766
0 0.243164 0.775391 0.095703 0.132812
0 0.169922 0.796875 0.121094 0.117188
0 0.221680 0.902344 0.103516 0.101562
0 0.055664 0.923828 0.091797 0.066406
0 0.035156 0.791016 0.066406 0.121094
2 0.638672 0.487305 0.050781 0.076172
2 0.706055 0.507812 0.091797 0.136719
2 0.447266 0.888672 0.156250 0.222656
