0 0.076172 0.033203 0.078125 0.058594
0 0.049805 0.210938 0.091797 0.121094
0 0.045898 0.325195 0.087891 0.083984
0 0.055664 0.416016 0.087891 0.066406
0 0.214844 0.441406 0.097656 0.085938
0 0.240234 0.561523 0.113281 0.103516
0 0.259766 0.638672 0.121094 0.074219
0 0.238281 0.733398 0.085938 0.087891
0 0.400391 0.659180 0.093750 0.091797
0 0.490234 0.618164 0.085938 0.083984
0 0.574219 0.583984 0.089844 0.109375
0 0.611328 0.717773 0.078125 0.087891
0 0.514648 0.735352 0.099609 0.068359
0 0.416016 0.804688 0.109375 0.085938
0 0.317383 0.850586 0.123047 0.095703
0 0.068359 0.817383 0.093750 0.087891
0 0.141602 0.940430 0.083984 0.111328
0 0.926758 0.833984 0.123047 0.101562
0 0.815430 0.936523 0.158203 0.126953
0 0.685547 0.978516 0.082031 0.042969
0 0.724609 0.788086 0.140625 0.095703
0 0.619141 0.845703 0.109375 0.093750
0 0.532227 0.873047 0.126953 0.097656
0 0.410156 0.944336 0.128906 0.095703
1 0.315430 0.707031 0.044922 0.042969
1 0.401367 0.946289 0.048828 0.048828
0 0.282227 0.125000 0.142578 0.140625
0 0.379883 0.198242 0.091797 0.111328
0 0.475586 0.244141 0.080078 0.105469
0 0.416016 0.083984 0.097656 0.093750
