2 0.837891 0.027344 0.167969 0.050781
2 0.908203 0.081055 0.171875 0.080078
2 0.929688 0.165039 0.140625 0.087891
2 0.947266 0.231445 0.105469 0.083984
2 0.958984 0.300781 0.082031 0.058594
2 0.986328 0.381836 0.027344 0.060547
2 0.667969 0.768555 0.664062 0.462891
2 0.020508 0.758789 0.033203 0.052734
2 0.041016 0.829102 0.078125 0.095703
2 0.062500 0.916992 0.121094 0.119141
2 0.090820 0.962891 0.130859 0.074219
2 0.355469 0.208008 0.707031 0.412109
0 0.191406 0.811523 0.054688 0.087891
2 0.400391 0.265625 0.683594 0.441406
2 0.438477 0.345703 0.673828 0.429688
2 0.486328 0.416016 0.687500 0.433594
2 0.522461 0.479492 0.701172 0.431641
2 0.563477 0.548828 0.693359 0.441406
2 0.600586 0.614258 0.701172 0.431641
2 0.642578 0.694336 0.683594 0.427734
