2 0.185547 0.039062 0.367188 0.074219
2 0.166992 0.103516 0.330078 0.082031
2 0.154297 0.184570 0.304688 0.072266
2 0.143555 0.263672 0.283203 0.089844
2 0.139648 0.338867 0.275391 0.064453
2 0.075195 0.418945 0.146484 0.091797
0 0.207031 0.718750 0.203125 0.207031
1 0.227539 0.761719 0.083984 0.074219
0 0.365234 0.732422 0.183594 0.207031
0 0.530273 0.749023 0.150391 0.162109
0 0.688477 0.756836 0.201172 0.185547
0 0.652344 0.909180 0.199219 0.126953
0 0.829102 0.937500 0.130859 0.125000
0 0.948242 0.881836 0.103516 0.115234
0 0.803711 0.382812 0.224609 0.191406
2 0.368164 0.318359 0.091797 0.082031
