0 0.137695 0.461914 0.111328 0.087891
0 0.336914 0.316406 0.126953 0.101562
0 0.344727 0.395508 0.119141 0.095703
0 0.373047 0.472656 0.105469 0.085938
0 0.422852 0.595703 0.103516 0.101562
0 0.455078 0.671875 0.082031 0.082031
0 0.656250 0.450195 0.125000 0.115234
0 0.800781 0.433594 0.117188 0.097656
0 0.592773 0.230469 0.123047 0.109375
0 0.630859 0.343750 0.125000 0.125000
0 0.189453 0.591797 0.132812 0.140625
0 0.283203 0.535156 0.117188 0.113281
0 0.054688 0.641602 0.101562 0.083984
0 0.045898 0.529297 0.087891 0.082031
0 0.150391 0.160156 0.125000 0.152344
0 0.348633 0.099609 0.126953 0.113281
0 0.267578 0.148438 0.121094 0.109375
0 0.222656 0.093750 0.121094 0.117188
0 0.285156 0.049805 0.125000 0.095703
0 0.509766 0.600586 0.097656 0.107422
0 0.586914 0.584961 0.087891 0.107422
0 0.679688 0.551758 0.117188 0.099609
0 0.513672 0.423828 0.125000 0.109375
0 0.499023 0.311523 0.123047 0.095703
0 0.310547 0.757812 0.132812 0.195312
0 0.190430 0.792969 0.126953 0.183594
0 0.065430 0.823242 0.123047 0.173828
0 0.518555 0.930664 0.134766 0.138672
0 0.936523 0.568359 0.126953 0.089844
0 0.802734 0.679688 0.152344 0.097656
0 0.728516 0.768555 0.078125 0.099609
0 0.812500 0.791016 0.082031 0.128906
0 0.938477 0.804688 0.123047 0.136719
0 0.664062 0.943359 0.089844 0.113281
