0 0.475586 0.192383 0.115234 0.064453
0 0.166016 0.416992 0.109375 0.119141
0 0.287109 0.480469 0.066406 0.117188
0 0.532227 0.668945 0.119141 0.134766
0 0.221680 0.698242 0.228516 0.220703
0 0.533203 0.274414 0.085938 0.119141
0 0.524414 0.353516 0.134766 0.058594
0 0.536133 0.483398 0.099609 0.123047
0 0.648438 0.575195 0.117188 0.119141
0 0.630859 0.440430 0.066406 0.138672
0 0.708984 0.469727 0.117188 0.115234
0 0.746094 0.609375 0.058594 0.109375
2 0.745117 0.795898 0.380859 0.068359
2 0.764648 0.875977 0.349609 0.068359
2 0.980469 0.513672 0.039062 0.335938
2 0.799805 0.973633 0.263672 0.052734
