0 0.252930 0.073242 0.037109 0.044922
0 0.282227 0.195312 0.091797 0.105469
0 0.234375 0.265625 0.058594 0.062500
0 0.226562 0.472656 0.042969 0.054688
0 0.214844 0.327148 0.046875 0.052734
2 0.980469 0.709961 0.039062 0.072266
2 0.857422 0.446289 0.285156 0.533203
2 0.925781 0.910156 0.148438 0.179688
2 0.872070 0.888672 0.205078 0.222656
2 0.808594 0.863281 0.261719 0.265625
2 0.741211 0.848633 0.283203 0.302734
2 0.689453 0.826172 0.296875 0.347656
2 0.625000 0.808594 0.332031 0.382812
2 0.576172 0.786133 0.347656 0.412109
