0 0.165039 0.056641 0.224609 0.109375
2 0.337891 0.066406 0.121094 0.128906
0 0.434570 0.064453 0.076172 0.117188
0 0.797852 0.073242 0.130859 0.083984
0 0.547852 0.219727 0.201172 0.126953
0 0.705078 0.263672 0.109375 0.113281
0 0.781250 0.188477 0.101562 0.095703
0 0.912109 0.125000 0.078125 0.160156
0 0.843750 0.237305 0.105469 0.068359
0 0.860352 0.299805 0.095703 0.068359
0 0.662109 0.449219 0.296875 0.125000
0 0.691406 0.552734 0.242188 0.128906
0 0.907227 0.474609 0.185547 0.109375
0 0.893555 0.625000 0.142578 0.128906
0 0.515625 0.882812 0.148438 0.152344
0 0.392578 0.730469 0.132812 0.160156
0 0.141602 0.475586 0.236328 0.123047
0 0.087891 0.311523 0.171875 0.099609
0 0.050781 0.199219 0.097656 0.125000
0 0.235352 0.166992 0.173828 0.107422
0 0.085938 0.655273 0.167969 0.189453
0 0.248047 0.702148 0.156250 0.099609
0 0.261719 0.553711 0.144531 0.107422
0 0.254883 0.778320 0.123047 0.087891
0 0.312500 0.905273 0.125000 0.115234
0 0.386719 0.901367 0.113281 0.119141
0 0.948242 0.890625 0.103516 0.148438
0 0.851562 0.941406 0.296875 0.117188
0 0.653320 0.792969 0.150391 0.148438
0 0.618164 0.708008 0.111328 0.087891
0 0.583984 0.373047 0.250000 0.121094
