0 0.130859 0.267578 0.062500 0.054688
0 0.153320 0.357422 0.123047 0.128906
0 0.063477 0.496094 0.123047 0.148438
0 0.331055 0.404297 0.345703 0.339844
0 0.461914 0.104492 0.095703 0.115234
0 0.531250 0.079102 0.093750 0.123047
0 0.610352 0.041992 0.142578 0.080078
0 0.719727 0.180664 0.119141 0.146484
0 0.776367 0.258789 0.095703 0.103516
0 0.741211 0.317383 0.056641 0.033203
0 0.466797 0.638672 0.105469 0.113281
0 0.536133 0.615234 0.076172 0.089844
0 0.554688 0.882812 0.179688 0.203125
0 0.352539 0.929688 0.119141 0.089844
0 0.323242 0.787109 0.103516 0.101562
0 0.249023 0.830078 0.126953 0.117188
0 0.188477 0.708984 0.193359 0.191406
0 0.081055 0.840820 0.154297 0.189453
1 0.090820 0.840820 0.056641 0.068359
1 0.226562 0.839844 0.082031 0.082031
2 0.559570 0.291016 0.068359 0.078125
