0 0.124023 0.537109 0.107422 0.226562
0 0.145508 0.672852 0.080078 0.076172
0 0.177734 0.795898 0.105469 0.205078
0 0.192383 0.935547 0.060547 0.074219
2 0.092773 0.321289 0.107422 0.169922
2 0.481445 0.154297 0.724609 0.226562
2 0.496094 0.225586 0.730469 0.224609
2 0.511719 0.301758 0.726562 0.220703
2 0.513672 0.402344 0.785156 0.273438
2 0.531250 0.490234 0.777344 0.257812
2 0.546875 0.579102 0.761719 0.248047
2 0.564453 0.660156 0.773438 0.242188
2 0.562500 0.745117 0.800781 0.248047
2 0.604492 0.836914 0.767578 0.251953
