0 0.117188 0.030273 0.101562 0.048828
0 0.040039 0.200195 0.068359 0.111328
0 0.169922 0.149414 0.089844 0.099609
0 0.638672 0.178711 0.281250 0.251953
0 0.657227 0.395508 0.076172 0.138672
0 0.761719 0.406250 0.121094 0.093750
0 0.926758 0.300781 0.146484 0.144531
0 0.982422 0.467773 0.035156 0.095703
0 0.936523 0.577148 0.056641 0.087891
0 0.920898 0.674805 0.056641 0.041016
0 0.947266 0.744141 0.105469 0.066406
0 0.855469 0.803711 0.062500 0.076172
0 0.955078 0.880859 0.089844 0.125000
0 0.837891 0.951172 0.125000 0.050781
0 0.708008 0.830078 0.087891 0.085938
0 0.799805 0.878906 0.060547 0.066406
0 0.736328 0.894531 0.082031 0.062500
0 0.827148 0.563477 0.080078 0.130859
0 0.784180 0.708984 0.115234 0.082031
0 0.670898 0.589844 0.123047 0.144531
0 0.402344 0.793945 0.078125 0.169922
0 0.500977 0.786133 0.060547 0.115234
0 0.265625 0.480469 0.113281 0.101562
0 0.322266 0.363281 0.097656 0.113281
0 0.309570 0.140625 0.107422 0.132812
0 0.420898 0.181641 0.099609 0.082031
0 0.250000 0.209961 0.097656 0.123047
0 0.339844 0.246094 0.062500 0.058594
0 0.165039 0.972656 0.111328 0.054688
