2 0.071289 0.202148 0.138672 0.400391
2 0.105469 0.306641 0.207031 0.609375
2 0.139648 0.366211 0.275391 0.728516
2 0.185547 0.376953 0.308594 0.750000
2 0.253906 0.399414 0.312500 0.759766
2 0.882812 0.083984 0.117188 0.164062
2 0.942383 0.092773 0.115234 0.181641
2 0.972656 0.101562 0.054688 0.199219
2 0.106445 0.879883 0.208984 0.138672
2 0.028320 0.949219 0.052734 0.101562
2 0.069336 0.952148 0.095703 0.095703
2 0.138672 0.964844 0.074219 0.070312
2 0.564453 0.038086 0.066406 0.072266
2 0.510742 0.026367 0.060547 0.048828
2 0.450195 0.018555 0.056641 0.033203
