0 0.379883 0.128906 0.130859 0.117188
0 0.540039 0.085938 0.123047 0.113281
0 0.610352 0.193359 0.134766 0.121094
0 0.458008 0.279297 0.146484 0.113281
0 0.332031 0.222656 0.070312 0.085938
0 0.688477 0.150391 0.099609 0.125000
0 0.655273 0.286133 0.091797 0.099609
0 0.737305 0.332031 0.150391 0.121094
0 0.557617 0.436523 0.169922 0.123047
0 0.794922 0.485352 0.132812 0.138672
0 0.753906 0.675781 0.191406 0.179688
0 0.508789 0.656250 0.181641 0.125000
0 0.216797 0.399414 0.183594 0.248047
0 0.128906 0.505859 0.195312 0.152344
2 0.237305 0.581055 0.103516 0.068359
2 0.897461 0.873047 0.201172 0.253906
2 0.933594 0.834961 0.132812 0.279297
2 0.975586 0.726562 0.048828 0.144531
