0 0.421875 0.040039 0.156250 0.076172
0 0.347656 0.301758 0.171875 0.138672
0 0.463867 0.436523 0.150391 0.158203
0 0.152344 0.372070 0.144531 0.146484
0 0.354492 0.632812 0.111328 0.128906
0 0.071289 0.639648 0.119141 0.103516
0 0.325195 0.785156 0.126953 0.093750
0 0.064453 0.877930 0.125000 0.166016
0 0.231445 0.965820 0.162109 0.068359
0 0.651367 0.916992 0.076172 0.126953
0 0.780273 0.790039 0.130859 0.103516
0 0.719727 0.857422 0.076172 0.152344
0 0.058594 0.261719 0.113281 0.121094
1 0.167969 0.113281 0.167969 0.089844
1 0.335938 0.299805 0.109375 0.091797
2 0.682617 0.072266 0.158203 0.140625
2 0.580078 0.573242 0.281250 0.150391
2 0.558594 0.696289 0.312500 0.197266
2 0.791016 0.664062 0.125000 0.101562
2 0.557617 0.918945 0.080078 0.123047
