0 0.358398 0.317383 0.134766 0.099609
0 0.511719 0.258789 0.121094 0.111328
0 0.455078 0.347656 0.050781 0.070312
0 0.157227 0.445312 0.126953 0.113281
0 0.057617 0.504883 0.111328 0.146484
0 0.063477 0.621094 0.095703 0.085938
0 0.618164 0.585938 0.130859 0.109375
0 0.741211 0.626953 0.154297 0.148438
0 0.797852 0.740234 0.095703 0.113281
0 0.740234 0.835938 0.101562 0.097656
0 0.883789 0.924805 0.119141 0.115234
2 0.308594 0.643555 0.144531 0.142578
2 0.509766 0.534180 0.132812 0.150391
0 0.604492 0.664062 0.060547 0.062500
0 0.363281 0.802734 0.082031 0.085938
