0 0.530273 0.272461 0.123047 0.119141
0 0.643555 0.379883 0.103516 0.099609
0 0.376953 0.093750 0.164062 0.097656
0 0.519531 0.134766 0.113281 0.140625
0 0.634766 0.137695 0.093750 0.060547
0 0.725586 0.197266 0.099609 0.105469
0 0.844727 0.458008 0.103516 0.103516
0 0.952148 0.533203 0.095703 0.105469
0 0.565430 0.748047 0.142578 0.097656
0 0.924805 0.834961 0.119141 0.123047
0 0.373047 0.489258 0.105469 0.103516
0 0.341797 0.389648 0.097656 0.107422
0 0.260742 0.281250 0.126953 0.113281
0 0.134766 0.120117 0.175781 0.060547
0 0.201172 0.189453 0.113281 0.082031
1 0.735352 0.051758 0.041016 0.044922
1 0.654297 0.058594 0.039062 0.050781
0 0.161133 0.708008 0.205078 0.298828
0 0.200195 0.948242 0.146484 0.103516
0 0.037109 0.219727 0.070312 0.064453
0 0.749023 0.976562 0.103516 0.046875
0 0.973633 0.316406 0.052734 0.152344
0 0.901367 0.958008 0.130859 0.083984
