0 0.274414 0.072266 0.123047 0.140625
0 0.194336 0.165039 0.181641 0.123047
0 0.100586 0.279297 0.115234 0.101562
0 0.154297 0.417969 0.171875 0.140625
0 0.054688 0.465820 0.105469 0.111328
0 0.294922 0.394531 0.144531 0.117188
0 0.246094 0.278320 0.132812 0.095703
0 0.328125 0.263672 0.117188 0.132812
2 0.590820 0.555664 0.298828 0.611328
2 0.822266 0.803711 0.203125 0.111328
1 0.828125 0.258789 0.050781 0.044922
0 0.861328 0.219727 0.152344 0.142578
0 0.913086 0.088867 0.126953 0.111328
0 0.228516 0.583984 0.136719 0.144531
0 0.110352 0.624023 0.119141 0.150391
0 0.034180 0.707031 0.064453 0.113281
0 0.242188 0.786133 0.167969 0.138672
0 0.301758 0.714844 0.142578 0.117188
0 0.423828 0.580078 0.140625 0.128906
0 0.440430 0.684570 0.146484 0.111328
0 0.529297 0.824219 0.183594 0.121094
0 0.609375 0.898438 0.113281 0.144531
0 0.870117 0.941406 0.216797 0.117188
0 0.955078 0.543945 0.089844 0.173828
0 0.969727 0.382812 0.060547 0.164062
