2 0.348633 0.047852 0.693359 0.091797
2 0.340820 0.140625 0.677734 0.101562
2 0.236328 0.240234 0.468750 0.109375
2 0.154297 0.337891 0.304688 0.085938
2 0.105469 0.436523 0.207031 0.099609
2 0.053711 0.600586 0.103516 0.166016
2 0.078125 0.718750 0.152344 0.128906
2 0.073242 0.833984 0.142578 0.136719
2 0.910156 0.045898 0.179688 0.087891
2 0.942383 0.129883 0.115234 0.080078
2 0.951172 0.227539 0.097656 0.142578
2 0.788086 0.312500 0.228516 0.269531
2 0.706055 0.357422 0.263672 0.277344
2 0.613281 0.430664 0.222656 0.279297
2 0.508789 0.471680 0.220703 0.283203
2 0.409180 0.549805 0.240234 0.302734
2 0.296875 0.608398 0.195312 0.291016
2 0.223633 0.665039 0.263672 0.279297
