0 0.780273 0.153320 0.177734 0.115234
0 0.539062 0.135742 0.066406 0.126953
0 0.642578 0.133789 0.078125 0.095703
0 0.616211 0.044922 0.103516 0.085938
0 0.462891 0.097656 0.093750 0.109375
0 0.321289 0.086914 0.130859 0.123047
0 0.260742 0.223633 0.099609 0.103516
0 0.169922 0.233398 0.105469 0.111328
0 0.083984 0.289062 0.074219 0.078125
0 0.257812 0.333008 0.125000 0.087891
0 0.369141 0.302734 0.101562 0.089844
0 0.360352 0.232422 0.115234 0.070312
0 0.336914 0.395508 0.205078 0.095703
0 0.398438 0.485352 0.125000 0.111328
0 0.576172 0.357422 0.074219 0.203125
0 0.625000 0.313477 0.082031 0.130859
0 0.126953 0.354492 0.070312 0.076172
0 0.144531 0.454102 0.121094 0.091797
0 0.193359 0.553711 0.105469 0.119141
0 0.219727 0.640625 0.169922 0.117188
0 0.313477 0.831055 0.134766 0.099609
0 0.437500 0.911133 0.132812 0.119141
0 0.750000 0.710938 0.152344 0.089844
0 0.686523 0.741211 0.099609 0.068359
0 0.863281 0.598633 0.121094 0.115234
0 0.836914 0.791992 0.248047 0.142578
0 0.866211 0.900391 0.232422 0.144531
0 0.711914 0.581055 0.173828 0.115234
0 0.590820 0.898438 0.099609 0.167969
0 0.426758 0.764648 0.064453 0.056641
0 0.942383 0.316406 0.083984 0.132812
0 0.834961 0.490234 0.115234 0.152344
0 0.910156 0.440430 0.050781 0.072266
0 0.946289 0.539062 0.099609 0.101562
2 0.481445 0.360352 0.130859 0.267578
