2 0.075195 0.061523 0.146484 0.076172
2 0.064453 0.133789 0.125000 0.091797
2 0.339844 0.625000 0.214844 0.207031
0 0.652344 0.275391 0.101562 0.082031
0 0.193359 0.924805 0.121094 0.095703
0 0.262695 0.865234 0.052734 0.093750
0 0.381836 0.903320 0.099609 0.076172
0 0.530273 0.900391 0.111328 0.089844
0 0.574219 0.836914 0.042969 0.060547
0 0.586914 0.548828 0.052734 0.074219
0 0.696289 0.595703 0.158203 0.109375
1 0.742188 0.523438 0.054688 0.023438
0 0.749023 0.474609 0.130859 0.183594
0 0.971680 0.399414 0.056641 0.080078
0 0.885742 0.238281 0.087891 0.109375
0 0.931641 0.064453 0.136719 0.125000
2 0.736328 0.141602 0.160156 0.208984
