0 0.817383 0.050781 0.111328 0.097656
0 0.865234 0.205078 0.097656 0.113281
0 0.945312 0.182617 0.074219 0.068359
0 0.648438 0.245117 0.109375 0.095703
0 0.572266 0.350586 0.164062 0.154297
0 0.604492 0.605469 0.158203 0.144531
0 0.689453 0.438477 0.082031 0.064453
0 0.651367 0.494141 0.091797 0.066406
0 0.661133 0.716797 0.216797 0.144531
0 0.768555 0.926758 0.134766 0.111328
0 0.175781 0.407227 0.164062 0.154297
0 0.094727 0.557617 0.185547 0.271484
0 0.452148 0.898438 0.162109 0.148438
2 0.459961 0.677734 0.083984 0.144531
