2 0.058594 0.954102 0.113281 0.091797
2 0.746094 0.020508 0.085938 0.037109
2 0.320312 0.198242 0.636719 0.392578
2 0.696289 0.823242 0.607422 0.353516
2 0.292969 0.931641 0.140625 0.136719
2 0.106445 0.594727 0.208984 0.404297
2 0.339844 0.226562 0.667969 0.414062
2 0.373047 0.281250 0.675781 0.417969
2 0.397461 0.333984 0.673828 0.414062
2 0.422852 0.388672 0.673828 0.417969
2 0.461914 0.433594 0.669922 0.414062
2 0.486328 0.488281 0.683594 0.421875
2 0.517578 0.541992 0.671875 0.412109
2 0.551758 0.591797 0.669922 0.417969
2 0.579102 0.641602 0.677734 0.408203
2 0.611328 0.695312 0.664062 0.417969
2 0.650391 0.773438 0.683594 0.351562
2 0.875977 0.086914 0.248047 0.169922
2 0.976562 0.435547 0.046875 0.097656
2 0.936523 0.296875 0.126953 0.175781
2 0.905273 0.175781 0.189453 0.210938
