2 0.086914 0.589844 0.169922 0.160156
2 0.099609 0.674805 0.195312 0.150391
2 0.176758 0.577148 0.095703 0.162109
2 0.115234 0.901367 0.226562 0.138672
2 0.106445 0.844727 0.208984 0.142578
2 0.097656 0.779297 0.191406 0.152344
0 0.042969 0.343750 0.082031 0.164062
0 0.115234 0.299805 0.085938 0.126953
0 0.887695 0.042969 0.154297 0.082031
0 0.805664 0.083008 0.056641 0.099609
0 0.731445 0.064453 0.103516 0.125000
0 0.613281 0.041992 0.156250 0.080078
0 0.427734 0.046875 0.082031 0.089844
0 0.349609 0.080078 0.171875 0.156250
0 0.194336 0.083984 0.216797 0.164062
1 0.333008 0.037109 0.072266 0.050781
0 0.333984 0.173828 0.078125 0.054688
