1 0.189453 0.320312 0.167969 0.109375
1 0.379883 0.310547 0.169922 0.105469
1 0.567383 0.303711 0.173828 0.111328
1 0.754883 0.294922 0.173828 0.105469
1 0.197266 0.494141 0.183594 0.105469
1 0.388672 0.487305 0.179688 0.107422
1 0.577148 0.475586 0.181641 0.111328
1 0.768555 0.469727 0.177734 0.111328
1 0.205078 0.670898 0.175781 0.099609
1 0.399414 0.666016 0.173828 0.101562
1 0.584961 0.661133 0.177734 0.103516
1 0.774414 0.652344 0.173828 0.101562
1 0.213867 0.835938 0.173828 0.109375
1 0.401367 0.828125 0.177734 0.109375
1 0.595703 0.822266 0.179688 0.097656
1 0.780273 0.814453 0.169922 0.101562
