1 0.020508 0.114258 0.037109 0.041016
1 0.188477 0.305664 0.037109 0.041016
0 0.048828 0.151367 0.093750 0.138672
0 0.021484 0.282227 0.039062 0.134766
0 0.208008 0.281250 0.095703 0.144531
0 0.321289 0.253906 0.115234 0.113281
0 0.155273 0.436523 0.130859 0.138672
0 0.098633 0.517578 0.123047 0.093750
0 0.287109 0.444336 0.113281 0.099609
0 0.410156 0.460938 0.117188 0.101562
0 0.464844 0.278320 0.117188 0.119141
0 0.567383 0.303711 0.107422 0.095703
0 0.689453 0.327148 0.101562 0.103516
0 0.549805 0.487305 0.126953 0.099609
0 0.363281 0.681641 0.132812 0.121094
0 0.035156 0.846680 0.066406 0.146484
2 0.507812 0.714844 0.085938 0.136719
2 0.373047 0.979492 0.066406 0.041016
