0 0.331055 0.639648 0.134766 0.138672
0 0.371094 0.959961 0.125000 0.080078
0 0.503906 0.919922 0.070312 0.160156
0 0.568359 0.924805 0.062500 0.150391
1 0.732422 0.020508 0.167969 0.037109
1 0.775391 0.075195 0.128906 0.041016
1 0.808594 0.130859 0.136719 0.046875
1 0.830078 0.187500 0.171875 0.042969
1 0.878906 0.338867 0.171875 0.044922
1 0.913086 0.394531 0.173828 0.042969
1 0.856445 0.449219 0.287109 0.042969
1 0.852539 0.504883 0.294922 0.044922
1 0.853516 0.557617 0.292969 0.044922
1 0.856445 0.616211 0.287109 0.044922
1 0.846680 0.670898 0.228516 0.048828
1 0.823242 0.727539 0.166016 0.041016
2 0.955078 0.916016 0.089844 0.152344
2 0.286133 0.571289 0.134766 0.216797
2 0.248047 0.537109 0.121094 0.199219
2 0.202148 0.500977 0.107422 0.173828
2 0.109375 0.452148 0.132812 0.181641
