2 0.812500 0.030273 0.136719 0.056641
2 0.363281 0.027344 0.722656 0.050781
2 0.364258 0.066406 0.724609 0.046875
2 0.346680 0.129883 0.689453 0.083984
2 0.260742 0.213867 0.517578 0.107422
2 0.184570 0.292969 0.357422 0.070312
2 0.140625 0.371094 0.277344 0.105469
2 0.094727 0.448242 0.150391 0.076172
2 0.924805 0.525391 0.150391 0.132812
2 0.855469 0.620117 0.289062 0.134766
2 0.791016 0.708008 0.417969 0.138672
2 0.530273 0.780273 0.201172 0.158203
2 0.386719 0.863281 0.175781 0.152344
2 0.125000 0.915039 0.246094 0.166016
2 0.427734 0.940430 0.328125 0.119141
2 0.724609 0.914062 0.550781 0.171875
2 0.793945 0.833008 0.412109 0.181641
