2 0.881836 0.039062 0.236328 0.074219
2 0.906250 0.117188 0.187500 0.089844
2 0.931641 0.200195 0.136719 0.087891
2 0.948242 0.294922 0.103516 0.109375
2 0.672852 0.294922 0.189453 0.183594
2 0.782227 0.463867 0.205078 0.197266
2 0.624023 0.342773 0.240234 0.185547
2 0.642578 0.513672 0.257812 0.230469
2 0.489258 0.392578 0.185547 0.148438
2 0.377930 0.434570 0.185547 0.142578
2 0.269531 0.493164 0.218750 0.158203
2 0.152344 0.551758 0.199219 0.169922
2 0.366211 0.612305 0.279297 0.173828
2 0.503906 0.573242 0.246094 0.216797
2 0.246094 0.727539 0.230469 0.177734
2 0.380859 0.725586 0.230469 0.150391
2 0.072266 0.645508 0.140625 0.224609
