2 0.569336 0.970703 0.083984 0.058594
2 0.492188 0.960938 0.093750 0.078125
2 0.400391 0.951172 0.101562 0.097656
2 0.318359 0.943359 0.109375 0.113281
2 0.213867 0.929688 0.103516 0.140625
2 0.125977 0.918945 0.123047 0.162109
2 0.047852 0.904297 0.091797 0.191406
2 0.218750 0.433594 0.234375 0.765625
2 0.276367 0.446289 0.228516 0.751953
2 0.337891 0.469727 0.230469 0.748047
2 0.398438 0.474609 0.226562 0.753906
2 0.455078 0.495117 0.238281 0.744141
2 0.518555 0.515625 0.240234 0.742188
2 0.580078 0.526367 0.234375 0.748047
2 0.637695 0.539062 0.240234 0.742188
2 0.700195 0.555664 0.232422 0.744141
2 0.759766 0.571289 0.234375 0.748047
2 0.814453 0.588867 0.234375 0.775391
2 0.728516 0.144531 0.320312 0.160156
