0 0.166992 0.729492 0.236328 0.072266
0 0.964844 0.911133 0.070312 0.158203
2 0.725586 0.356445 0.548828 0.083984
2 0.728516 0.283203 0.542969 0.089844
2 0.790039 0.215820 0.419922 0.064453
2 0.970703 0.035156 0.058594 0.066406
2 0.905273 0.036133 0.068359 0.068359
2 0.839844 0.037109 0.066406 0.070312
2 0.772461 0.036133 0.064453 0.068359
2 0.677734 0.033203 0.070312 0.062500
2 0.599609 0.029297 0.062500 0.054688
2 0.526367 0.041016 0.068359 0.078125
2 0.458984 0.038086 0.070312 0.072266
2 0.361328 0.087891 0.082031 0.171875
2 0.285156 0.105469 0.070312 0.207031
2 0.214844 0.123047 0.082031 0.242188
2 0.123047 0.126953 0.066406 0.250000
2 0.066406 0.125000 0.066406 0.246094
2 0.018555 0.121094 0.033203 0.238281
