0 0.156250 0.091797 0.304688 0.179688
0 0.853516 0.237305 0.105469 0.099609
0 0.797852 0.113281 0.181641 0.144531
0 0.910156 0.404297 0.101562 0.105469
0 0.981445 0.382812 0.037109 0.070312
0 0.692383 0.449219 0.099609 0.101562
0 0.611328 0.546875 0.167969 0.136719
0 0.643555 0.810547 0.162109 0.152344
0 0.699219 0.917969 0.210938 0.156250
0 0.209961 0.608398 0.138672 0.138672
0 0.118164 0.753906 0.232422 0.277344
0 0.684570 0.692383 0.087891 0.072266
0 0.727539 0.634766 0.083984 0.074219
2 0.505859 0.881836 0.078125 0.146484
