1 0.145508 0.628906 0.076172 0.058594
0 0.112305 0.168945 0.095703 0.111328
0 0.045898 0.141602 0.064453 0.072266
0 0.041992 0.039062 0.080078 0.074219
0 0.416016 0.032227 0.082031 0.060547
0 0.513672 0.132812 0.152344 0.187500
0 0.581055 0.284180 0.205078 0.216797
0 0.679688 0.203125 0.179688 0.136719
0 0.773438 0.121094 0.281250 0.199219
0 0.897461 0.110352 0.166016 0.130859
0 0.895508 0.352539 0.208984 0.162109
0 0.934570 0.481445 0.130859 0.158203
0 0.829102 0.525391 0.134766 0.136719
0 0.882812 0.638672 0.210938 0.144531
0 0.943359 0.732422 0.113281 0.152344
0 0.782227 0.815430 0.154297 0.146484
0 0.722656 0.653320 0.148438 0.134766
0 0.466797 0.699219 0.156250 0.148438
0 0.352539 0.802734 0.166016 0.195312
0 0.148438 0.840820 0.140625 0.173828
0 0.234375 0.953125 0.250000 0.093750
0 0.118164 0.561523 0.189453 0.236328
0 0.229492 0.467773 0.134766 0.142578
0 0.331055 0.416016 0.138672 0.144531
0 0.154297 0.335938 0.160156 0.167969
