0 0.857422 0.315430 0.140625 0.138672
0 0.945312 0.175781 0.109375 0.140625
0 0.912109 0.127930 0.160156 0.197266
0 0.493164 0.026367 0.154297 0.048828
0 0.058594 0.102539 0.113281 0.193359
0 0.099609 0.277344 0.105469 0.148438
0 0.214844 0.118164 0.136719 0.123047
0 0.221680 0.053711 0.111328 0.080078
0 0.245117 0.224609 0.103516 0.117188
0 0.379883 0.293945 0.107422 0.138672
0 0.120117 0.484375 0.099609 0.117188
0 0.047852 0.469727 0.091797 0.166016
0 0.052734 0.353516 0.097656 0.085938
0 0.325195 0.508789 0.095703 0.099609
0 0.653320 0.910156 0.068359 0.070312
0 0.727539 0.942383 0.130859 0.115234
0 0.412109 0.507812 0.058594 0.046875
0 0.432617 0.464844 0.056641 0.066406
0 0.863281 0.534180 0.070312 0.052734
2 0.248047 0.388672 0.109375 0.121094
