0 0.109375 0.122070 0.214844 0.169922
0 0.142578 0.247070 0.101562 0.099609
0 0.035156 0.268555 0.066406 0.080078
0 0.207031 0.385742 0.175781 0.080078
0 0.362305 0.372070 0.087891 0.107422
0 0.799805 0.435547 0.220703 0.144531
0 0.763672 0.621094 0.191406 0.164062
0 0.895508 0.652344 0.091797 0.179688
0 0.789062 0.772461 0.093750 0.126953
0 0.833008 0.909180 0.216797 0.181641
0 0.233398 0.924805 0.193359 0.150391
0 0.197266 0.719727 0.121094 0.103516
0 0.170898 0.553711 0.146484 0.142578
0 0.046875 0.432617 0.089844 0.068359
2 0.051758 0.488281 0.099609 0.070312
0 0.097656 0.397461 0.132812 0.103516
