2 0.583984 0.084961 0.253906 0.166016
2 0.402344 0.067383 0.167969 0.130859
2 0.370117 0.131836 0.189453 0.177734
2 0.534180 0.238281 0.205078 0.187500
2 0.302734 0.211914 0.195312 0.177734
2 0.453125 0.326172 0.144531 0.167969
2 0.200195 0.329102 0.177734 0.119141
2 0.414062 0.424805 0.230469 0.267578
2 0.161133 0.405273 0.318359 0.189453
2 0.248047 0.563477 0.187500 0.158203
2 0.087891 0.579102 0.171875 0.185547
2 0.213867 0.713867 0.224609 0.193359
2 0.847656 0.046875 0.128906 0.089844
2 0.758789 0.136719 0.099609 0.070312
