0 0.177734 0.303711 0.121094 0.115234
0 0.226562 0.246094 0.105469 0.117188
0 0.289062 0.181641 0.109375 0.109375
0 0.283203 0.341797 0.082031 0.089844
0 0.327148 0.289062 0.064453 0.070312
0 0.383789 0.260742 0.103516 0.103516
0 0.267578 0.441406 0.113281 0.085938
0 0.149414 0.651367 0.193359 0.232422
0 0.339844 0.600586 0.210938 0.162109
0 0.349609 0.671875 0.199219 0.113281
0 0.324219 0.775391 0.140625 0.113281
0 0.426758 0.342773 0.087891 0.060547
0 0.455078 0.428711 0.125000 0.119141
0 0.483398 0.533203 0.130859 0.125000
0 0.526367 0.612305 0.193359 0.134766
0 0.603516 0.799805 0.238281 0.150391
0 0.724609 0.739258 0.074219 0.052734
0 0.523438 0.933594 0.203125 0.132812
0 0.384766 0.956055 0.167969 0.087891
0 0.741211 0.890625 0.154297 0.132812
0 0.724609 0.963867 0.207031 0.072266
0 0.879883 0.829102 0.087891 0.166016
0 0.961914 0.695312 0.076172 0.128906
2 0.777344 0.333984 0.132812 0.277344
0 0.468750 0.198242 0.113281 0.130859
0 0.553711 0.198242 0.123047 0.138672
0 0.552734 0.308594 0.140625 0.128906
0 0.650391 0.199219 0.125000 0.113281
0 0.676758 0.281250 0.130859 0.097656
0 0.629883 0.367188 0.240234 0.125000
0 0.689453 0.458008 0.199219 0.146484
0 0.924805 0.296875 0.087891 0.152344
0 0.833984 0.112305 0.066406 0.158203
0 0.899414 0.149414 0.076172 0.091797
0 0.938477 0.107422 0.076172 0.113281
0 0.759766 0.071289 0.117188 0.138672
0 0.623047 0.069336 0.160156 0.134766
