2 0.314453 0.055664 0.625000 0.107422
2 0.332031 0.174805 0.660156 0.126953
2 0.408203 0.284180 0.812500 0.095703
2 0.430664 0.382812 0.857422 0.113281
2 0.438477 0.483398 0.767578 0.103516
2 0.407227 0.575195 0.630859 0.076172
2 0.356445 0.651367 0.470703 0.080078
2 0.294922 0.773438 0.246094 0.109375
2 0.046875 0.639648 0.089844 0.146484
2 0.100586 0.802734 0.197266 0.183594
2 0.140625 0.944336 0.277344 0.111328
2 0.893555 0.060547 0.212891 0.117188
2 0.944336 0.167969 0.111328 0.117188
2 0.965820 0.283203 0.068359 0.132812
2 0.666016 0.091797 0.132812 0.132812
2 0.917969 0.642578 0.164062 0.171875
2 0.809570 0.690430 0.123047 0.177734
2 0.706055 0.751953 0.134766 0.203125
2 0.563477 0.788086 0.201172 0.166016
2 0.434570 0.914062 0.236328 0.171875
2 0.760742 0.929688 0.423828 0.140625
2 0.861328 0.833008 0.277344 0.310547
