0 0.128906 0.226562 0.132812 0.121094
2 0.364258 0.048828 0.126953 0.093750
0 0.775391 0.474609 0.222656 0.140625
0 0.050781 0.463867 0.097656 0.251953
0 0.117188 0.517578 0.132812 0.109375
0 0.080078 0.623047 0.066406 0.160156
0 0.250000 0.606445 0.097656 0.130859
0 0.402344 0.512695 0.179688 0.154297
0 0.554688 0.658203 0.187500 0.171875
0 0.458984 0.747070 0.117188 0.095703
0 0.375977 0.789062 0.130859 0.144531
0 0.606445 0.897461 0.150391 0.126953
0 0.289062 0.929688 0.113281 0.125000
0 0.020508 0.830078 0.037109 0.089844
0 0.029297 0.724609 0.054688 0.089844
2 0.184570 0.790039 0.064453 0.189453
2 0.229492 0.786133 0.048828 0.177734
2 0.276367 0.774414 0.068359 0.181641
1 0.093750 0.217773 0.046875 0.068359
