0 0.372070 0.563477 0.345703 0.466797
0 0.583008 0.262695 0.169922 0.173828
0 0.417969 0.066406 0.117188 0.128906
2 0.356445 0.240234 0.076172 0.125000
2 0.431641 0.303711 0.078125 0.087891
2 0.222656 0.392578 0.222656 0.457031
2 0.133789 0.477539 0.263672 0.634766
2 0.109375 0.394531 0.214844 0.531250
2 0.089844 0.306641 0.175781 0.386719
2 0.065430 0.223633 0.126953 0.291016
2 0.036133 0.125000 0.068359 0.171875
2 0.185547 0.088867 0.246094 0.142578
2 0.044922 0.024414 0.085938 0.044922
2 0.501953 0.726562 0.386719 0.257812
2 0.519531 0.800781 0.457031 0.304688
2 0.557617 0.849609 0.474609 0.292969
2 0.629883 0.881836 0.427734 0.228516
2 0.182617 0.947266 0.087891 0.105469
2 0.104492 0.962891 0.076172 0.074219
