2 0.429688 0.133789 0.250000 0.208984
2 0.486328 0.275391 0.199219 0.183594
2 0.625000 0.371094 0.191406 0.242188
2 0.759766 0.541016 0.195312 0.164062
2 0.826172 0.641602 0.203125 0.166016
2 0.300781 0.303711 0.234375 0.193359
2 0.457031 0.470703 0.246094 0.218750
2 0.624023 0.643555 0.228516 0.240234
2 0.615234 0.778320 0.277344 0.189453
2 0.494141 0.914062 0.253906 0.171875
2 0.237305 0.912109 0.326172 0.175781
2 0.089844 0.851562 0.175781 0.296875
2 0.309570 0.729492 0.337891 0.220703
2 0.385742 0.572266 0.376953 0.296875
2 0.156250 0.474609 0.308594 0.332031
2 0.229492 0.292969 0.193359 0.148438
