0 0.496094 0.801758 0.179688 0.154297
0 0.613281 0.788086 0.148438 0.197266
0 0.317383 0.744141 0.091797 0.113281
0 0.218750 0.682617 0.136719 0.130859
0 0.329102 0.870117 0.150391 0.119141
0 0.132812 0.790039 0.179688 0.244141
0 0.191406 0.943359 0.109375 0.101562
0 0.444336 0.496094 0.236328 0.367188
0 0.371094 0.538086 0.234375 0.349609
0 0.299805 0.572266 0.193359 0.273438
0 0.070312 0.619141 0.070312 0.101562
2 0.035156 0.631836 0.066406 0.076172
2 0.164062 0.483398 0.148438 0.185547
2 0.800781 0.952148 0.101562 0.095703
2 0.940430 0.949219 0.107422 0.101562
