1 0.082031 0.410156 0.160156 0.105469
1 0.024414 0.517578 0.044922 0.070312
0 0.168945 0.018555 0.052734 0.033203
0 0.240234 0.101562 0.082031 0.070312
0 0.207031 0.236328 0.058594 0.136719
0 0.388672 0.209961 0.093750 0.111328
0 0.454102 0.052734 0.052734 0.078125
0 0.531250 0.111328 0.121094 0.136719
0 0.493164 0.241211 0.095703 0.099609
0 0.633789 0.262695 0.099609 0.076172
0 0.553711 0.363281 0.099609 0.074219
0 0.832031 0.174805 0.089844 0.099609
0 0.775391 0.023438 0.035156 0.039062
0 0.902344 0.041992 0.054688 0.080078
0 0.960938 0.166992 0.078125 0.056641
0 0.875977 0.339844 0.115234 0.054688
0 0.956055 0.413086 0.087891 0.091797
0 0.713867 0.601562 0.123047 0.121094
0 0.831055 0.606445 0.146484 0.119141
0 0.771484 0.796875 0.089844 0.109375
0 0.722656 0.948242 0.128906 0.103516
0 0.901367 0.917969 0.103516 0.121094
0 0.848633 0.819336 0.048828 0.072266
0 0.502930 0.804688 0.103516 0.085938
0 0.505859 0.693359 0.089844 0.105469
0 0.607422 0.707031 0.085938 0.074219
