0 0.845703 0.125000 0.308594 0.132812
0 0.813477 0.234375 0.185547 0.109375
0 0.966797 0.194336 0.066406 0.052734
0 0.455078 0.119141 0.152344 0.085938
0 0.482422 0.206055 0.132812 0.083984
0 0.716797 0.410156 0.066406 0.058594
0 0.646484 0.431641 0.062500 0.046875
0 0.649414 0.529297 0.076172 0.074219
0 0.675781 0.824219 0.203125 0.210938
0 0.814453 0.940430 0.074219 0.087891
0 0.242188 0.299805 0.093750 0.154297
0 0.430664 0.385742 0.087891 0.068359
0 0.329102 0.518555 0.126953 0.162109
0 0.397461 0.666016 0.119141 0.109375
0 0.478516 0.730469 0.085938 0.082031
0 0.522461 0.825195 0.052734 0.072266
0 0.240234 0.675781 0.136719 0.140625
0 0.387695 0.828125 0.154297 0.144531
0 0.486328 0.900391 0.136719 0.136719
0 0.177734 0.945312 0.140625 0.109375
