1 0.460938 0.120117 0.347656 0.087891
1 0.355469 0.012695 0.261719 0.021484
1 0.603516 0.014648 0.179688 0.025391
0 0.762695 0.143555 0.162109 0.166016
0 0.490234 0.291016 0.101562 0.101562
0 0.646484 0.353516 0.109375 0.078125
0 0.756836 0.374023 0.052734 0.087891
0 0.834961 0.326172 0.095703 0.089844
0 0.366211 0.397461 0.083984 0.064453
0 0.484375 0.550781 0.246094 0.257812
0 0.654297 0.555664 0.179688 0.130859
0 0.744141 0.786133 0.140625 0.181641
0 0.860352 0.840820 0.150391 0.189453
1 0.976562 0.023438 0.042969 0.039062
2 0.923828 0.455078 0.113281 0.054688
0 0.925781 0.503906 0.058594 0.050781
