0 0.535156 0.969727 0.050781 0.060547
0 0.642578 0.936523 0.152344 0.095703
0 0.766602 0.801758 0.041016 0.064453
0 0.747070 0.978516 0.029297 0.042969
0 0.752930 0.631836 0.134766 0.091797
0 0.903320 0.572266 0.083984 0.062500
0 0.979492 0.407227 0.041016 0.087891
0 0.958984 0.496094 0.082031 0.062500
0 0.833984 0.939453 0.042969 0.093750
0 0.939453 0.938477 0.121094 0.115234
0 0.691406 0.440430 0.039062 0.052734
0 0.781250 0.416016 0.117188 0.093750
0 0.818359 0.505859 0.042969 0.074219
0 0.431641 0.358398 0.054688 0.048828
2 0.721680 0.550781 0.076172 0.042969
2 0.688477 0.307617 0.263672 0.287109
