2 0.614258 0.084961 0.201172 0.166016
2 0.490234 0.103516 0.132812 0.152344
2 0.386719 0.188477 0.125000 0.154297
2 0.310547 0.259766 0.183594 0.203125
2 0.205078 0.343750 0.152344 0.167969
2 0.099609 0.425781 0.191406 0.191406
2 0.056641 0.605469 0.109375 0.242188
2 0.295898 0.862305 0.310547 0.275391
2 0.124023 0.896484 0.244141 0.207031
2 0.250000 0.541016 0.179688 0.207031
2 0.392578 0.391602 0.144531 0.197266
2 0.546875 0.250000 0.234375 0.191406
2 0.937500 0.036133 0.125000 0.068359
2 0.730469 0.231445 0.234375 0.251953
2 0.559570 0.421875 0.185547 0.250000
2 0.351562 0.555664 0.230469 0.169922
2 0.300781 0.650391 0.246094 0.195312
