2 0.624023 0.019531 0.068359 0.035156
2 0.541016 0.027344 0.070312 0.050781
2 0.461914 0.039062 0.083984 0.074219
2 0.369141 0.052734 0.085938 0.101562
2 0.307617 0.056641 0.076172 0.109375
2 0.239258 0.067383 0.123047 0.130859
2 0.141602 0.083008 0.119141 0.162109
2 0.046875 0.094727 0.089844 0.185547
2 0.981445 0.096680 0.037109 0.189453
2 0.914062 0.108398 0.066406 0.212891
2 0.852539 0.338867 0.154297 0.650391
2 0.967773 0.521484 0.064453 0.605469
2 0.867188 0.773438 0.128906 0.214844
2 0.744141 0.466797 0.121094 0.847656
2 0.634766 0.479492 0.089844 0.830078
2 0.552734 0.509766 0.078125 0.828125
2 0.463867 0.542969 0.087891 0.851562
2 0.382812 0.559570 0.078125 0.845703
2 0.286133 0.556641 0.111328 0.804688
2 0.184570 0.590820 0.087891 0.810547
2 0.084961 0.605469 0.099609 0.789062
2 0.016602 0.615234 0.029297 0.769531
