1 0.129883 0.381836 0.244141 0.134766
1 0.083984 0.693359 0.160156 0.117188
1 0.265625 0.714844 0.175781 0.113281
1 0.109375 0.853516 0.214844 0.132812
1 0.112305 0.920898 0.212891 0.080078
1 0.511719 0.093750 0.054688 0.027344
1 0.716797 0.056641 0.050781 0.027344
2 0.293945 0.915039 0.103516 0.169922
2 0.352539 0.917969 0.115234 0.164062
2 0.417969 0.935547 0.109375 0.128906
2 0.489258 0.964844 0.083984 0.070312
0 0.304688 0.208008 0.105469 0.123047
0 0.333008 0.044922 0.080078 0.085938
0 0.425781 0.158203 0.113281 0.066406
0 0.456055 0.355469 0.126953 0.105469
0 0.541016 0.732422 0.105469 0.121094
0 0.772461 0.479492 0.138672 0.142578
0 0.585938 0.262695 0.144531 0.138672
0 0.808594 0.106445 0.128906 0.107422
0 0.910156 0.223633 0.179688 0.119141
0 0.883789 0.033203 0.111328 0.058594
0 0.871094 0.627930 0.089844 0.119141
0 0.713867 0.374023 0.095703 0.107422
