0 0.239258 0.269531 0.103516 0.140625
0 0.342773 0.281250 0.119141 0.105469
0 0.108398 0.446289 0.123047 0.142578
0 0.218750 0.385742 0.109375 0.076172
0 0.346680 0.450195 0.126953 0.119141
0 0.372070 0.552734 0.083984 0.085938
0 0.209961 0.447266 0.056641 0.085938
0 0.252930 0.475586 0.064453 0.087891
0 0.233398 0.819336 0.107422 0.087891
0 0.435547 0.930664 0.109375 0.111328
0 0.792969 0.886719 0.109375 0.082031
0 0.621094 0.919922 0.187500 0.132812
2 0.442383 0.318359 0.072266 0.101562
2 0.328125 0.046875 0.195312 0.089844
