2 0.381836 0.500000 0.333984 0.675781
2 0.436523 0.521484 0.341797 0.675781
2 0.506836 0.521484 0.361328 0.730469
2 0.567383 0.530273 0.361328 0.728516
2 0.713867 0.624023 0.365234 0.740234
2 0.783203 0.594727 0.410156 0.791016
2 0.817383 0.611328 0.365234 0.777344
2 0.862305 0.684570 0.275391 0.630859
2 0.891602 0.759766 0.216797 0.480469
2 0.923828 0.833008 0.152344 0.333984
2 0.035156 0.873047 0.066406 0.156250
2 0.058594 0.908203 0.113281 0.183594
2 0.111328 0.919922 0.113281 0.160156
2 0.208008 0.939453 0.099609 0.121094
2 0.277344 0.957031 0.089844 0.085938
2 0.352539 0.974609 0.087891 0.050781
