2 0.386719 0.024414 0.769531 0.044922
2 0.415039 0.084961 0.779297 0.083984
2 0.434570 0.168945 0.822266 0.103516
2 0.827148 0.116211 0.126953 0.228516
2 0.473633 0.259766 0.849609 0.117188
2 0.462891 0.347656 0.871094 0.085938
2 0.469727 0.432617 0.802734 0.123047
2 0.471680 0.526367 0.826172 0.091797
2 0.388672 0.611328 0.652344 0.144531
2 0.266602 0.745117 0.369141 0.134766
2 0.389648 0.921875 0.119141 0.156250
2 0.323242 0.925781 0.099609 0.148438
2 0.216797 0.935547 0.140625 0.128906
2 0.291992 0.902344 0.251953 0.105469
2 0.836914 0.926758 0.326172 0.146484
2 0.929688 0.826172 0.140625 0.113281
2 0.880859 0.482422 0.093750 0.253906
