1 0.780273 0.080078 0.373047 0.078125
1 0.725586 0.190430 0.318359 0.076172
1 0.672852 0.308594 0.220703 0.074219
1 0.707031 0.579102 0.097656 0.064453
1 0.759766 0.628906 0.152344 0.042969
1 0.784180 0.663086 0.177734 0.025391
1 0.823242 0.715820 0.166016 0.037109
1 0.822266 0.763672 0.078125 0.035156
1 0.982422 0.615234 0.031250 0.031250
1 0.953125 0.666016 0.078125 0.031250
1 0.958984 0.719727 0.082031 0.033203
1 0.942383 0.757812 0.115234 0.039062
1 0.918945 0.810547 0.162109 0.027344
1 0.927734 0.862305 0.144531 0.033203
1 0.950195 0.911133 0.099609 0.037109
1 0.979492 0.958008 0.041016 0.029297
0 0.368164 0.455078 0.291016 0.261719
