0 0.613281 0.046875 0.144531 0.085938
0 0.719727 0.089844 0.099609 0.105469
0 0.722656 0.186523 0.109375 0.095703
0 0.731445 0.265625 0.099609 0.078125
0 0.736328 0.328125 0.093750 0.066406
0 0.592773 0.232422 0.146484 0.160156
0 0.544922 0.313477 0.171875 0.154297
0 0.661133 0.395508 0.126953 0.123047
0 0.221680 0.216797 0.369141 0.246094
0 0.321289 0.061523 0.138672 0.119141
0 0.216797 0.048828 0.105469 0.093750
0 0.102539 0.338867 0.201172 0.173828
0 0.508789 0.545898 0.138672 0.099609
0 0.357422 0.560547 0.148438 0.101562
0 0.238281 0.513672 0.093750 0.167969
0 0.123047 0.526367 0.093750 0.150391
0 0.034180 0.533203 0.064453 0.128906
