0 0.132812 0.148438 0.136719 0.148438
0 0.216797 0.470703 0.179688 0.261719
0 0.399414 0.473633 0.267578 0.185547
0 0.513672 0.677734 0.093750 0.132812
0 0.390625 0.792969 0.097656 0.093750
0 0.168945 0.684570 0.080078 0.083984
0 0.175781 0.768555 0.074219 0.076172
0 0.257812 0.691406 0.082031 0.070312
0 0.257812 0.773438 0.078125 0.074219
0 0.160156 0.849609 0.097656 0.062500
0 0.266602 0.849609 0.103516 0.062500
0 0.507812 0.833008 0.109375 0.095703
0 0.612305 0.547852 0.091797 0.091797
0 0.705078 0.485352 0.097656 0.162109
0 0.778320 0.433594 0.107422 0.078125
0 0.819336 0.640625 0.123047 0.097656
0 0.848633 0.708008 0.123047 0.083984
0 0.924805 0.590820 0.123047 0.095703
0 0.944336 0.675781 0.111328 0.089844
0 0.884766 0.822266 0.140625 0.128906
0 0.960938 0.782227 0.078125 0.138672
0 0.953125 0.913086 0.093750 0.123047
0 0.889648 0.960938 0.138672 0.078125
0 0.897461 0.393555 0.107422 0.107422
0 0.937500 0.466797 0.125000 0.066406
0 0.535156 0.217773 0.402344 0.345703
0 0.629883 0.140625 0.408203 0.277344
