1 0.554688 0.068359 0.386719 0.039062
1 0.431641 0.131836 0.132812 0.041016
1 0.404297 0.189453 0.207031 0.042969
1 0.398438 0.256836 0.339844 0.044922
1 0.493164 0.311523 0.271484 0.041016
1 0.522461 0.374023 0.279297 0.037109
1 0.508789 0.434570 0.259766 0.041016
1 0.485352 0.494141 0.138672 0.042969
1 0.473633 0.554688 0.126953 0.042969
1 0.463867 0.613281 0.138672 0.039062
1 0.416016 0.673828 0.207031 0.039062
1 0.412109 0.735352 0.199219 0.041016
1 0.439453 0.799805 0.144531 0.037109
1 0.421875 0.860352 0.207031 0.033203
1 0.405273 0.918945 0.326172 0.041016
1 0.719727 0.191406 0.263672 0.039062
1 0.781250 0.246094 0.300781 0.031250
1 0.818359 0.299805 0.261719 0.029297
1 0.827148 0.350586 0.263672 0.029297
1 0.838867 0.404297 0.248047 0.035156
1 0.867188 0.457031 0.226562 0.027344
1 0.855469 0.507812 0.226562 0.027344
1 0.873047 0.558594 0.253906 0.035156
1 0.867188 0.764648 0.222656 0.033203
1 0.874023 0.610352 0.251953 0.025391
1 0.874023 0.664062 0.251953 0.035156
1 0.877930 0.711914 0.244141 0.025391
1 0.791992 0.817383 0.076172 0.029297
1 0.926758 0.864258 0.146484 0.029297
