2 0.314453 0.838867 0.566406 0.314453
2 0.351562 0.771484 0.601562 0.332031
2 0.380859 0.722656 0.585938 0.332031
2 0.416016 0.649414 0.593750 0.326172
2 0.453125 0.579102 0.589844 0.349609
2 0.491211 0.499023 0.603516 0.337891
2 0.534180 0.430664 0.599609 0.341797
2 0.585938 0.355469 0.621094 0.351562
2 0.615234 0.277344 0.625000 0.363281
2 0.660156 0.203125 0.632812 0.367188
2 0.704102 0.152344 0.587891 0.300781
2 0.853516 0.526367 0.292969 0.509766
2 0.208984 0.892578 0.414062 0.214844
2 0.139648 0.923828 0.275391 0.152344
2 0.078125 0.958008 0.152344 0.083984
