2 0.294922 0.060547 0.253906 0.117188
2 0.208008 0.189453 0.236328 0.160156
2 0.112305 0.331055 0.220703 0.146484
2 0.093750 0.478516 0.183594 0.160156
2 0.179688 0.631836 0.226562 0.146484
2 0.311523 0.485352 0.271484 0.169922
2 0.365234 0.337891 0.281250 0.167969
2 0.449219 0.178711 0.246094 0.169922
2 0.570312 0.094727 0.253906 0.162109
2 0.735352 0.260742 0.208984 0.201172
2 0.909180 0.348633 0.181641 0.150391
2 0.683594 0.340820 0.402344 0.189453
2 0.717773 0.511719 0.548828 0.164062
2 0.442383 0.643555 0.275391 0.185547
2 0.394531 0.796875 0.281250 0.191406
2 0.636719 0.902344 0.339844 0.195312
2 0.666016 0.703125 0.246094 0.261719
2 0.885742 0.673828 0.228516 0.195312
2 0.882812 0.827148 0.234375 0.166016
2 0.901367 0.943359 0.197266 0.113281
