2 0.947266 0.036133 0.066406 0.068359
2 0.885742 0.027344 0.068359 0.050781
2 0.822266 0.016602 0.062500 0.029297
2 0.043945 0.201172 0.083984 0.394531
2 0.086914 0.382812 0.169922 0.757812
2 0.116211 0.407227 0.228516 0.779297
2 0.153320 0.415039 0.275391 0.775391
2 0.215820 0.426758 0.275391 0.779297
2 0.259766 0.448242 0.285156 0.779297
2 0.392578 0.475586 0.250000 0.783203
2 0.446289 0.489258 0.248047 0.783203
2 0.503906 0.507812 0.250000 0.785156
2 0.563477 0.517578 0.248047 0.785156
2 0.619141 0.528320 0.250000 0.794922
2 0.395508 0.965820 0.138672 0.068359
2 0.304688 0.974609 0.062500 0.050781
2 0.242188 0.965820 0.066406 0.060547
2 0.179688 0.959961 0.074219 0.080078
2 0.120117 0.931641 0.076172 0.058594
