2 0.073242 0.564453 0.142578 0.175781
2 0.140625 0.730469 0.277344 0.195312
2 0.250977 0.902344 0.498047 0.191406
0 0.423828 0.089844 0.152344 0.121094
0 0.397461 0.176758 0.099609 0.095703
0 0.505859 0.225586 0.203125 0.154297
0 0.704102 0.365234 0.158203 0.156250
0 0.791992 0.199219 0.185547 0.148438
0 0.651367 0.066406 0.177734 0.128906
0 0.827148 0.082031 0.205078 0.125000
0 0.906250 0.358398 0.187500 0.134766
0 0.829102 0.459961 0.166016 0.138672
0 0.697266 0.510742 0.304688 0.236328
0 0.927734 0.654297 0.144531 0.144531
0 0.833008 0.625977 0.146484 0.146484
