0 0.084961 0.096680 0.130859 0.130859
0 0.171875 0.063477 0.132812 0.111328
0 0.133789 0.202148 0.107422 0.146484
0 0.056641 0.238281 0.109375 0.136719
0 0.212891 0.181641 0.097656 0.136719
0 0.291992 0.161133 0.095703 0.123047
0 0.333008 0.065430 0.087891 0.091797
0 0.324219 0.325195 0.097656 0.123047
0 0.248047 0.338867 0.121094 0.158203
0 0.176758 0.360352 0.130859 0.177734
0 0.063477 0.347656 0.123047 0.101562
0 0.072266 0.424805 0.140625 0.087891
0 0.069336 0.519531 0.134766 0.125000
0 0.168945 0.488281 0.142578 0.109375
0 0.188477 0.578125 0.154297 0.117188
0 0.273438 0.476562 0.113281 0.148438
0 0.364258 0.450195 0.115234 0.150391
0 0.525391 0.378906 0.101562 0.089844
0 0.509766 0.250000 0.113281 0.140625
0 0.403320 0.099609 0.115234 0.101562
0 0.645508 0.059570 0.150391 0.115234
0 0.760742 0.119141 0.083984 0.117188
0 0.767578 0.218750 0.136719 0.078125
0 0.946289 0.090820 0.107422 0.115234
0 0.813477 0.417969 0.083984 0.117188
0 0.735352 0.568359 0.166016 0.179688
0 0.631836 0.697266 0.099609 0.144531
0 0.282227 0.799805 0.119141 0.111328
0 0.380859 0.739258 0.121094 0.115234
0 0.458984 0.676758 0.093750 0.130859
0 0.462891 0.936523 0.167969 0.119141
0 0.593750 0.886719 0.117188 0.117188
0 0.725586 0.864258 0.146484 0.119141
