0 0.221680 0.091797 0.236328 0.179688
0 0.038086 0.057617 0.072266 0.111328
0 0.611328 0.156250 0.148438 0.171875
0 0.780273 0.143555 0.162109 0.244141
0 0.619141 0.021484 0.199219 0.039062
0 0.954102 0.043945 0.091797 0.083984
0 0.774414 0.416016 0.185547 0.230469
0 0.563477 0.338867 0.169922 0.158203
0 0.452148 0.436523 0.177734 0.091797
1 0.294922 0.391602 0.070312 0.037109
0 0.288086 0.363281 0.158203 0.140625
0 0.572266 0.520508 0.152344 0.158203
0 0.416992 0.548828 0.126953 0.140625
0 0.251953 0.512695 0.187500 0.138672
0 0.083008 0.532227 0.162109 0.173828
0 0.029297 0.229492 0.054688 0.111328
0 0.746094 0.554688 0.121094 0.093750
0 0.962891 0.497070 0.074219 0.126953
0 0.946289 0.347656 0.072266 0.152344
0 0.123047 0.863281 0.242188 0.273438
