0 0.105469 0.936523 0.128906 0.126953
0 0.181641 0.886719 0.062500 0.101562
0 0.289062 0.931641 0.097656 0.082031
0 0.326172 0.850586 0.117188 0.091797
0 0.320312 0.620117 0.078125 0.064453
0 0.199219 0.533203 0.042969 0.074219
0 0.294922 0.537109 0.085938 0.101562
0 0.066406 0.407227 0.105469 0.111328
0 0.048828 0.631836 0.093750 0.103516
0 0.756836 0.749023 0.107422 0.126953
0 0.710938 0.300781 0.109375 0.144531
0 0.795898 0.262695 0.080078 0.080078
0 0.782227 0.176758 0.095703 0.119141
0 0.976562 0.343750 0.046875 0.082031
0 0.886719 0.400391 0.125000 0.109375
0 0.773438 0.471680 0.093750 0.107422
0 0.770508 0.594727 0.052734 0.076172
0 0.814453 0.575195 0.054688 0.076172
2 0.836914 0.647461 0.068359 0.048828
2 0.542969 0.545898 0.136719 0.095703
2 0.543945 0.825195 0.064453 0.072266
2 0.709961 0.957031 0.119141 0.085938
