2 0.646484 0.022461 0.121094 0.041016
2 0.741211 0.041992 0.083984 0.080078
2 0.843750 0.064453 0.136719 0.125000
2 0.911133 0.082031 0.177734 0.160156
2 0.323242 0.052734 0.166016 0.101562
2 0.122070 0.052734 0.240234 0.101562
2 0.150391 0.153320 0.296875 0.111328
2 0.089844 0.269531 0.175781 0.117188
2 0.046875 0.384766 0.089844 0.109375
2 0.013672 0.482422 0.023438 0.089844
2 0.870117 0.367188 0.259766 0.214844
2 0.781250 0.527344 0.277344 0.218750
2 0.666992 0.691406 0.255859 0.210938
2 0.532227 0.826172 0.310547 0.238281
2 0.247070 0.922852 0.287109 0.154297
2 0.031250 0.754883 0.058594 0.201172
