0 0.069336 0.202148 0.087891 0.064453
0 0.168945 0.073242 0.099609 0.142578
0 0.398438 0.050781 0.140625 0.097656
0 0.045898 0.702148 0.087891 0.158203
0 0.611328 0.974609 0.046875 0.050781
0 0.696289 0.968750 0.076172 0.050781
2 0.861328 0.016602 0.277344 0.029297
2 0.879883 0.093750 0.240234 0.082031
2 0.881836 0.148438 0.236328 0.082031
2 0.878906 0.214844 0.242188 0.085938
2 0.531250 0.168945 0.089844 0.115234
2 0.580078 0.122070 0.167969 0.232422
2 0.665039 0.115234 0.166016 0.222656
1 0.362305 0.019531 0.052734 0.035156
0 0.025391 0.344727 0.046875 0.083984
0 0.712891 0.861328 0.054688 0.054688
