0 0.339844 0.037109 0.128906 0.070312
0 0.226562 0.124023 0.082031 0.091797
0 0.318359 0.106445 0.117188 0.099609
0 0.438477 0.141602 0.115234 0.146484
0 0.615234 0.162109 0.246094 0.218750
0 0.677734 0.373047 0.265625 0.316406
0 0.122070 0.232422 0.181641 0.156250
0 0.359375 0.243164 0.164062 0.111328
0 0.411133 0.336914 0.119141 0.087891
0 0.308594 0.375977 0.128906 0.142578
0 0.173828 0.351562 0.117188 0.105469
0 0.188477 0.449219 0.142578 0.109375
0 0.404297 0.627930 0.207031 0.158203
0 0.521484 0.695312 0.117188 0.144531
0 0.343750 0.815430 0.484375 0.369141
0 0.662109 0.933594 0.097656 0.117188
0 0.759766 0.949219 0.089844 0.101562
0 0.746094 0.836914 0.210938 0.189453
0 0.926758 0.922852 0.138672 0.134766
0 0.961914 0.719727 0.076172 0.111328
0 0.981445 0.541992 0.037109 0.091797
0 0.791016 0.663086 0.175781 0.197266
0 0.902344 0.421875 0.144531 0.140625
0 0.870117 0.505859 0.177734 0.109375
0 0.879883 0.313477 0.142578 0.119141
0 0.911133 0.086914 0.177734 0.169922
0 0.505859 0.896484 0.226562 0.207031
