0 0.061523 0.946289 0.080078 0.107422
0 0.074219 0.855469 0.117188 0.035156
0 0.283203 0.952148 0.164062 0.095703
0 0.446289 0.813477 0.126953 0.130859
0 0.565430 0.919922 0.044922 0.046875
0 0.632812 0.927734 0.089844 0.089844
0 0.671875 0.836914 0.101562 0.154297
0 0.743164 0.855469 0.087891 0.085938
0 0.714844 0.909180 0.070312 0.068359
0 0.699219 0.954102 0.078125 0.064453
0 0.674805 0.980469 0.095703 0.039062
0 0.819336 0.973633 0.115234 0.052734
0 0.793945 0.763672 0.087891 0.074219
0 0.864258 0.450195 0.123047 0.185547
0 0.942383 0.406250 0.115234 0.140625
0 0.911133 0.197266 0.119141 0.109375
0 0.783203 0.227539 0.128906 0.111328
0 0.733398 0.150391 0.173828 0.160156
0 0.359375 0.251953 0.113281 0.093750
0 0.458984 0.232422 0.101562 0.085938
0 0.547852 0.204102 0.134766 0.138672
0 0.540039 0.366211 0.142578 0.169922
0 0.049805 0.258789 0.095703 0.216797
0 0.212891 0.474609 0.132812 0.121094
0 0.309570 0.441406 0.107422 0.132812
0 0.275391 0.597656 0.156250 0.167969
0 0.384766 0.649414 0.195312 0.169922
0 0.046875 0.681641 0.089844 0.199219
2 0.234375 0.190430 0.085938 0.111328
2 0.529297 0.864258 0.097656 0.134766
