2 0.715820 0.027344 0.083984 0.050781
2 0.807617 0.041992 0.091797 0.080078
2 0.899414 0.051758 0.099609 0.099609
2 0.972656 0.056641 0.054688 0.109375
2 0.053711 0.808594 0.103516 0.382812
2 0.176758 0.939453 0.064453 0.121094
2 0.243164 0.945312 0.060547 0.109375
2 0.306641 0.954102 0.058594 0.091797
2 0.368164 0.962891 0.060547 0.074219
2 0.430664 0.973633 0.052734 0.052734
2 0.313477 0.894531 0.318359 0.121094
2 0.416992 0.855469 0.544922 0.203125
2 0.424805 0.800781 0.541016 0.222656
2 0.441406 0.748047 0.527344 0.203125
2 0.455078 0.683594 0.535156 0.222656
2 0.467773 0.633789 0.533203 0.224609
2 0.472656 0.554688 0.546875 0.234375
2 0.483398 0.469727 0.572266 0.248047
2 0.488281 0.397461 0.566406 0.255859
0 0.964844 0.971680 0.070312 0.056641
