2 0.019531 0.371094 0.035156 0.058594
2 0.033203 0.441406 0.062500 0.054688
2 0.048828 0.506836 0.093750 0.064453
2 0.054688 0.567383 0.105469 0.068359
2 0.060547 0.919922 0.058594 0.160156
2 0.153320 0.965820 0.068359 0.068359
2 0.226562 0.967773 0.046875 0.064453
2 0.293945 0.967773 0.052734 0.064453
2 0.365234 0.968750 0.058594 0.062500
2 0.442383 0.875000 0.068359 0.250000
2 0.498047 0.881836 0.070312 0.236328
2 0.047852 0.804688 0.091797 0.058594
0 0.038086 0.739258 0.072266 0.048828
0 0.598633 0.856445 0.091797 0.119141
0 0.626953 0.105469 0.039062 0.128906
0 0.711914 0.104492 0.119141 0.091797
0 0.865234 0.097656 0.070312 0.089844
0 0.953125 0.166016 0.089844 0.132812
