2 0.409180 0.495117 0.267578 0.115234
2 0.461914 0.825195 0.255859 0.103516
0 0.209961 0.835938 0.162109 0.128906
0 0.064453 0.543945 0.125000 0.232422
0 0.025391 0.374023 0.046875 0.111328
0 0.180664 0.429688 0.126953 0.093750
0 0.196289 0.364258 0.142578 0.099609
0 0.220703 0.265625 0.179688 0.148438
0 0.211914 0.174805 0.111328 0.091797
0 0.268555 0.096680 0.080078 0.072266
0 0.394531 0.113281 0.144531 0.152344
0 0.574219 0.104492 0.164062 0.150391
0 0.620117 0.281250 0.119141 0.210938
0 0.485352 0.334961 0.126953 0.103516
0 0.828125 0.073242 0.136719 0.142578
0 0.707031 0.502930 0.136719 0.185547
0 0.062500 0.874023 0.121094 0.091797
2 0.169922 0.057617 0.160156 0.103516
0 0.413086 0.671875 0.126953 0.109375
