0 0.518555 0.047852 0.126953 0.091797
0 0.471680 0.133789 0.099609 0.107422
0 0.669922 0.314453 0.175781 0.144531
0 0.615234 0.394531 0.078125 0.101562
0 0.702148 0.505859 0.169922 0.199219
0 0.825195 0.304688 0.185547 0.160156
0 0.872070 0.168945 0.134766 0.083984
0 0.785156 0.146484 0.062500 0.082031
0 0.064453 0.305664 0.125000 0.158203
0 0.192383 0.471680 0.126953 0.193359
0 0.165039 0.617188 0.083984 0.097656
0 0.260742 0.698242 0.103516 0.130859
0 0.244141 0.820312 0.167969 0.128906
0 0.936523 0.900391 0.126953 0.171875
0 0.505859 0.387695 0.113281 0.130859
