0 0.138672 0.508789 0.144531 0.099609
0 0.118164 0.614258 0.162109 0.111328
0 0.668945 0.097656 0.087891 0.140625
0 0.750000 0.074219 0.109375 0.085938
0 0.825195 0.098633 0.048828 0.111328
0 0.933594 0.024414 0.105469 0.044922
0 0.962891 0.598633 0.074219 0.150391
0 0.964844 0.852539 0.070312 0.279297
1 0.135742 0.507812 0.134766 0.093750
1 0.111328 0.613281 0.132812 0.101562
1 0.967773 0.584961 0.064453 0.099609
1 0.968750 0.774414 0.062500 0.091797
1 0.978516 0.938477 0.042969 0.033203
2 0.736328 0.486328 0.296875 0.085938
2 0.185547 0.039062 0.136719 0.074219
2 0.260742 0.018555 0.111328 0.033203
2 0.030273 0.739258 0.056641 0.142578
2 0.065430 0.817383 0.126953 0.228516
