0 0.212891 0.027344 0.144531 0.050781
0 0.137695 0.022461 0.087891 0.041016
0 0.140625 0.080078 0.136719 0.109375
0 0.042969 0.119141 0.082031 0.160156
0 0.425781 0.082031 0.140625 0.109375
0 0.364258 0.172852 0.150391 0.150391
0 0.731445 0.070312 0.255859 0.136719
0 0.328125 0.293945 0.179688 0.146484
0 0.278320 0.357422 0.138672 0.121094
0 0.120117 0.307617 0.146484 0.154297
0 0.098633 0.449219 0.130859 0.128906
0 0.073242 0.575195 0.123047 0.126953
0 0.126953 0.711914 0.132812 0.177734
0 0.727539 0.713867 0.291016 0.294922
0 0.525391 0.947266 0.230469 0.105469
1 0.390625 0.514648 0.078125 0.072266
1 0.344727 0.569336 0.052734 0.044922
0 0.415039 0.488281 0.197266 0.136719
0 0.384766 0.624023 0.160156 0.142578
