0 0.198242 0.061523 0.119141 0.076172
0 0.333008 0.305664 0.173828 0.177734
0 0.062500 0.566406 0.101562 0.093750
0 0.159180 0.687500 0.126953 0.074219
0 0.115234 0.845703 0.109375 0.093750
0 0.094727 0.930664 0.076172 0.072266
0 0.030273 0.906250 0.048828 0.144531
0 0.218750 0.858398 0.070312 0.142578
0 0.304688 0.822266 0.105469 0.105469
0 0.433594 0.907227 0.082031 0.076172
0 0.365234 0.866211 0.105469 0.076172
0 0.243164 0.959961 0.080078 0.048828
0 0.323242 0.967773 0.064453 0.064453
0 0.883789 0.028320 0.068359 0.048828
0 0.958984 0.031250 0.058594 0.058594
0 0.951172 0.304688 0.097656 0.101562
0 0.919922 0.473633 0.160156 0.130859
0 0.943359 0.599609 0.113281 0.132812
0 0.828125 0.677734 0.113281 0.285156
0 0.810547 0.936523 0.097656 0.126953
0 0.926758 0.947266 0.123047 0.105469
0 0.956055 0.875000 0.087891 0.160156
2 0.531250 0.482422 0.207031 0.277344
