0 0.946289 0.166016 0.107422 0.128906
0 0.826172 0.153320 0.195312 0.115234
0 0.712891 0.173828 0.078125 0.093750
0 0.639648 0.195312 0.115234 0.089844
0 0.827148 0.522461 0.107422 0.142578
2 0.250977 0.087891 0.138672 0.171875
2 0.163086 0.099609 0.142578 0.195312
2 0.241211 0.189453 0.095703 0.058594
2 0.436523 0.490234 0.216797 0.519531
2 0.510742 0.486328 0.244141 0.554688
2 0.597656 0.484375 0.250000 0.585938
2 0.868164 0.708984 0.119141 0.183594
2 0.948242 0.702148 0.103516 0.091797
2 0.932617 0.775391 0.134766 0.113281
2 0.915039 0.819336 0.123047 0.076172
