2 0.133789 0.666992 0.111328 0.123047
2 0.750977 0.336914 0.201172 0.130859
2 0.792969 0.416016 0.199219 0.125000
2 0.838867 0.504883 0.228516 0.111328
2 0.958008 0.418945 0.083984 0.103516
2 0.626953 0.431641 0.230469 0.132812
2 0.684570 0.525391 0.255859 0.132812
2 0.834961 0.591797 0.228516 0.121094
2 0.667969 0.648438 0.257812 0.156250
2 0.528320 0.752930 0.240234 0.138672
2 0.362305 0.860352 0.263672 0.154297
2 0.186523 0.764648 0.205078 0.173828
2 0.357422 0.716797 0.261719 0.171875
2 0.313477 0.595703 0.248047 0.125000
2 0.501953 0.542969 0.332031 0.222656
