2 0.236328 0.645508 0.109375 0.181641
2 0.291016 0.860352 0.140625 0.279297
2 0.436523 0.701172 0.185547 0.597656
2 0.520508 0.696289 0.228516 0.607422
2 0.580078 0.678711 0.214844 0.642578
2 0.659180 0.671875 0.236328 0.656250
2 0.740234 0.736328 0.191406 0.527344
2 0.825195 0.819336 0.150391 0.361328
2 0.914062 0.901367 0.105469 0.197266
2 0.975586 0.813477 0.048828 0.095703
2 0.953125 0.734375 0.093750 0.121094
2 0.932617 0.654297 0.134766 0.136719
2 0.912109 0.570312 0.175781 0.136719
2 0.898438 0.501953 0.203125 0.171875
2 0.883789 0.438477 0.232422 0.181641
2 0.480469 0.362305 0.328125 0.146484
2 0.546875 0.287109 0.117188 0.066406
2 0.793945 0.125977 0.412109 0.248047
2 0.707031 0.090820 0.312500 0.177734
2 0.632812 0.052734 0.222656 0.101562
2 0.548828 0.024414 0.113281 0.044922
2 0.405273 0.160156 0.064453 0.292969
2 0.465820 0.203125 0.060547 0.222656
2 0.280273 0.157227 0.123047 0.310547
