0 0.168945 0.161133 0.146484 0.169922
0 0.288086 0.276367 0.119141 0.130859
0 0.315430 0.169922 0.130859 0.093750
0 0.040039 0.176758 0.076172 0.111328
0 0.079102 0.233398 0.044922 0.080078
0 0.078125 0.385742 0.082031 0.103516
0 0.141602 0.388672 0.072266 0.109375
0 0.204102 0.520508 0.130859 0.107422
0 0.307617 0.595703 0.166016 0.152344
0 0.062500 0.740234 0.121094 0.175781
0 0.244141 0.820312 0.156250 0.144531
0 0.626953 0.459961 0.121094 0.083984
0 0.659180 0.526367 0.123047 0.134766
0 0.627930 0.654297 0.107422 0.132812
0 0.644531 0.766602 0.160156 0.154297
0 0.745117 0.805664 0.126953 0.134766
0 0.940430 0.637695 0.119141 0.181641
0 0.813477 0.405273 0.126953 0.119141
0 0.813477 0.297852 0.083984 0.080078
0 0.844727 0.187500 0.123047 0.175781
0 0.970703 0.797852 0.058594 0.072266
1 0.849609 0.142578 0.054688 0.046875
1 0.044922 0.753906 0.085938 0.039062
0 0.854492 0.884766 0.142578 0.101562
2 0.485352 0.698242 0.083984 0.103516
