0 0.532227 0.216797 0.111328 0.078125
0 0.193359 0.030273 0.152344 0.056641
0 0.942383 0.157227 0.115234 0.111328
0 0.390625 0.358398 0.148438 0.111328
0 0.509766 0.343750 0.078125 0.078125
0 0.711914 0.342773 0.134766 0.115234
0 0.822266 0.259766 0.164062 0.140625
0 0.148438 0.927734 0.125000 0.121094
0 0.514648 0.768555 0.080078 0.099609
0 0.597656 0.770508 0.093750 0.072266
0 0.508789 0.911133 0.146484 0.115234
0 0.535156 0.659180 0.136719 0.130859
0 0.127930 0.840820 0.083984 0.052734
1 0.525391 0.619141 0.058594 0.027344
2 0.057617 0.641602 0.111328 0.146484
0 0.086914 0.749023 0.060547 0.041016
