0 0.214844 0.375000 0.140625 0.132812
0 0.297852 0.314453 0.103516 0.105469
0 0.425781 0.218750 0.250000 0.222656
1 0.338867 0.549805 0.052734 0.060547
2 0.595703 0.362305 0.109375 0.107422
0 0.716797 0.270508 0.125000 0.123047
0 0.751953 0.386719 0.121094 0.148438
0 0.095703 0.510742 0.125000 0.091797
0 0.218750 0.580078 0.066406 0.054688
0 0.030273 0.769531 0.056641 0.109375
0 0.125977 0.706055 0.099609 0.126953
0 0.228516 0.681641 0.105469 0.117188
0 0.336914 0.642578 0.134766 0.128906
0 0.456055 0.628906 0.103516 0.125000
0 0.955078 0.316406 0.089844 0.101562
0 0.958008 0.434570 0.083984 0.095703
0 0.768555 0.516602 0.150391 0.083984
0 0.824219 0.619141 0.101562 0.117188
0 0.694336 0.644531 0.095703 0.109375
0 0.384766 0.771484 0.117188 0.085938
0 0.407227 0.838867 0.119141 0.107422
0 0.292969 0.826172 0.117188 0.097656
0 0.310547 0.942383 0.101562 0.087891
0 0.514648 0.916992 0.142578 0.126953
0 0.580078 0.837891 0.101562 0.062500
0 0.637695 0.908203 0.080078 0.089844
0 0.812500 0.925781 0.144531 0.125000
0 0.416016 0.950195 0.128906 0.099609
0 0.077148 0.910156 0.150391 0.152344
0 0.230469 0.879883 0.089844 0.115234
0 0.180664 0.975586 0.083984 0.048828
