0 0.633789 0.158203 0.115234 0.117188
0 0.546875 0.309570 0.121094 0.103516
0 0.626953 0.364258 0.078125 0.123047
0 0.717773 0.380859 0.123047 0.109375
0 0.952148 0.238281 0.095703 0.148438
0 0.918945 0.406250 0.130859 0.113281
0 0.776367 0.619141 0.146484 0.128906
0 0.903320 0.075195 0.103516 0.091797
0 0.505859 0.162109 0.078125 0.140625
0 0.131836 0.349609 0.115234 0.105469
0 0.129883 0.169922 0.123047 0.121094
0 0.301758 0.250000 0.115234 0.121094
0 0.316406 0.037109 0.121094 0.070312
0 0.167969 0.027344 0.140625 0.050781
0 0.306641 0.367188 0.078125 0.054688
0 0.335938 0.132812 0.203125 0.097656
0 0.900391 0.156250 0.148438 0.089844
