0 0.087891 0.490234 0.105469 0.121094
0 0.242188 0.602539 0.136719 0.134766
0 0.286133 0.849609 0.134766 0.121094
0 0.166016 0.963867 0.070312 0.037109
0 0.474609 0.631836 0.132812 0.103516
0 0.446289 0.770508 0.103516 0.076172
0 0.804688 0.780273 0.109375 0.103516
0 0.414062 0.274414 0.152344 0.095703
0 0.439453 0.453125 0.144531 0.085938
0 0.270508 0.315430 0.123047 0.111328
0 0.280273 0.419922 0.138672 0.097656
0 0.816406 0.961914 0.105469 0.076172
0 0.596680 0.758789 0.103516 0.115234
2 0.751953 0.097656 0.304688 0.074219
2 0.750000 0.166992 0.292969 0.056641
2 0.763672 0.231445 0.316406 0.068359
0 0.373047 0.136719 0.148438 0.093750
