2 0.366211 0.634766 0.146484 0.105469
2 0.342773 0.832031 0.111328 0.085938
2 0.252930 0.183594 0.095703 0.113281
1 0.708984 0.535156 0.414062 0.281250
0 0.708008 0.539062 0.458984 0.328125
0 0.595703 0.341797 0.328125 0.238281
0 0.226562 0.406250 0.175781 0.187500
0 0.362305 0.448242 0.103516 0.181641
0 0.140625 0.571289 0.144531 0.146484
0 0.254883 0.691406 0.103516 0.074219
0 0.208008 0.771484 0.119141 0.105469
0 0.685547 0.785156 0.488281 0.183594
0 0.070312 0.239258 0.128906 0.138672
0 0.931641 0.403320 0.136719 0.369141
