2 0.637695 0.433594 0.072266 0.585938
2 0.711914 0.435547 0.080078 0.585938
2 0.816406 0.426758 0.062500 0.556641
2 0.885742 0.434570 0.080078 0.580078
2 0.957031 0.440430 0.062500 0.572266
2 0.870117 0.729492 0.173828 0.056641
2 0.896484 0.879883 0.207031 0.056641
2 0.829102 0.952148 0.064453 0.095703
2 0.893555 0.953125 0.064453 0.093750
2 0.962891 0.954102 0.074219 0.091797
2 0.353516 0.933594 0.062500 0.132812
2 0.289062 0.933594 0.066406 0.132812
2 0.219727 0.935547 0.068359 0.128906
2 0.152344 0.936523 0.066406 0.126953
2 0.083008 0.936523 0.072266 0.126953
2 0.023438 0.936523 0.042969 0.126953
