0 0.686523 0.643555 0.134766 0.130859
0 0.758789 0.583984 0.068359 0.062500
0 0.714844 0.750977 0.070312 0.064453
0 0.645508 0.847656 0.123047 0.128906
0 0.728516 0.895508 0.054688 0.037109
0 0.770508 0.882812 0.060547 0.058594
0 0.531250 0.956055 0.105469 0.056641
0 0.727539 0.953125 0.111328 0.042969
0 0.308594 0.790039 0.164062 0.142578
0 0.343750 0.652344 0.070312 0.058594
0 0.239258 0.848633 0.064453 0.080078
0 0.189453 0.916016 0.136719 0.121094
0 0.299805 0.965820 0.115234 0.068359
0 0.957031 0.594727 0.046875 0.056641
2 0.270508 0.695312 0.134766 0.093750
