0 0.128906 0.067383 0.187500 0.130859
1 0.271484 0.026367 0.125000 0.048828
2 0.565430 0.125000 0.263672 0.144531
2 0.642578 0.250977 0.367188 0.111328
2 0.561523 0.356445 0.607422 0.091797
2 0.518555 0.465820 0.822266 0.119141
2 0.454102 0.564453 0.814453 0.070312
2 0.376953 0.655273 0.566406 0.107422
2 0.325195 0.750977 0.376953 0.083984
2 0.280273 0.844727 0.212891 0.107422
2 0.946289 0.621094 0.107422 0.101562
2 0.883789 0.706055 0.232422 0.068359
2 0.812500 0.784180 0.375000 0.107422
2 0.738281 0.876953 0.523438 0.089844
2 0.662109 0.957031 0.675781 0.082031
2 0.861328 0.035156 0.277344 0.066406
2 0.893555 0.101562 0.212891 0.062500
2 0.920898 0.172852 0.158203 0.083984
2 0.931641 0.250000 0.136719 0.066406
2 0.949219 0.318359 0.101562 0.066406
2 0.972656 0.384766 0.054688 0.062500
2 0.980469 0.445312 0.039062 0.066406
