2 0.331055 0.495117 0.228516 0.271484
2 0.412109 0.598633 0.082031 0.400391
1 0.437500 0.324219 0.105469 0.113281
1 0.442383 0.119141 0.056641 0.085938
1 0.510742 0.098633 0.076172 0.052734
1 0.564453 0.168945 0.046875 0.033203
1 0.675781 0.075195 0.039062 0.048828
0 0.329102 0.833984 0.146484 0.160156
0 0.645508 0.545898 0.083984 0.111328
0 0.629883 0.819336 0.044922 0.095703
0 0.810547 0.545898 0.078125 0.115234
0 0.768555 0.628906 0.064453 0.054688
0 0.622070 0.264648 0.060547 0.083984
2 0.681641 0.346680 0.050781 0.087891
0 0.218750 0.654297 0.039062 0.039062
0 0.749023 0.057617 0.107422 0.107422
