1 0.381836 0.221680 0.044922 0.029297
0 0.721680 0.413086 0.123047 0.080078
0 0.539062 0.525391 0.093750 0.101562
0 0.357422 0.769531 0.058594 0.078125
0 0.584961 0.882812 0.091797 0.082031
0 0.738281 0.798828 0.117188 0.105469
0 0.864258 0.893555 0.119141 0.083984
0 0.962891 0.936523 0.058594 0.126953
0 0.808594 0.954102 0.035156 0.080078
0 0.663086 0.933594 0.033203 0.062500
0 0.516602 0.917969 0.076172 0.105469
0 0.316406 0.918945 0.093750 0.052734
0 0.369141 0.857422 0.066406 0.082031
0 0.453125 0.966797 0.121094 0.066406
0 0.319336 0.198242 0.052734 0.107422
0 0.392578 0.184570 0.085938 0.056641
0 0.619141 0.083984 0.132812 0.144531
0 0.066406 0.037109 0.062500 0.054688
