2 0.524414 0.540039 0.501953 0.720703
2 0.595703 0.583008 0.496094 0.724609
2 0.673828 0.630859 0.496094 0.730469
2 0.743164 0.655273 0.498047 0.685547
2 0.157227 0.254883 0.310547 0.505859
2 0.200195 0.319336 0.396484 0.634766
2 0.237305 0.357422 0.466797 0.710938
2 0.291992 0.397461 0.478516 0.708984
2 0.218750 0.933594 0.152344 0.132812
2 0.141602 0.912109 0.185547 0.175781
2 0.084961 0.887695 0.162109 0.216797
2 0.050781 0.833008 0.097656 0.205078
2 0.017578 0.748047 0.031250 0.078125
0 0.784180 0.180664 0.150391 0.126953
0 0.880859 0.240234 0.101562 0.089844
0 0.944336 0.285156 0.095703 0.082031
