2 0.202148 0.028320 0.212891 0.052734
2 0.091797 0.112305 0.179688 0.115234
2 0.297852 0.112305 0.216797 0.107422
2 0.533203 0.049805 0.238281 0.095703
2 0.513672 0.147461 0.191406 0.099609
2 0.203125 0.233398 0.402344 0.119141
2 0.116211 0.351562 0.228516 0.113281
2 0.059570 0.455078 0.115234 0.089844
2 0.021484 0.596680 0.039062 0.052734
2 0.027344 0.651367 0.050781 0.060547
2 0.034180 0.717773 0.064453 0.068359
2 0.067383 0.796875 0.130859 0.085938
2 0.098633 0.880859 0.193359 0.082031
2 0.123047 0.960938 0.242188 0.070312
