1 0.541016 0.070312 0.105469 0.054688
1 0.643555 0.107422 0.072266 0.054688
1 0.637695 0.138672 0.076172 0.046875
1 0.631836 0.161133 0.072266 0.044922
1 0.626953 0.191406 0.062500 0.046875
1 0.621094 0.213867 0.066406 0.048828
1 0.536133 0.106445 0.095703 0.048828
1 0.529297 0.130859 0.097656 0.050781
1 0.517578 0.153320 0.093750 0.041016
1 0.509766 0.178711 0.101562 0.052734
1 0.503906 0.209961 0.101562 0.044922
1 0.502930 0.237305 0.099609 0.052734
1 0.500000 0.263672 0.101562 0.046875
1 0.487305 0.291016 0.099609 0.050781
1 0.479492 0.311523 0.095703 0.044922
1 0.476562 0.345703 0.105469 0.046875
1 0.468750 0.370117 0.105469 0.052734
1 0.463867 0.397461 0.095703 0.041016
1 0.462891 0.420898 0.109375 0.044922
1 0.450195 0.451172 0.111328 0.050781
1 0.446289 0.473633 0.103516 0.048828
0 0.371094 0.527344 0.078125 0.101562
0 0.772461 0.591797 0.126953 0.167969
0 0.787109 0.412109 0.121094 0.152344
0 0.773438 0.931641 0.136719 0.136719
