2 0.049805 0.403320 0.095703 0.802734
2 0.144531 0.406250 0.125000 0.808594
2 0.254883 0.467773 0.119141 0.708984
2 0.340820 0.488281 0.150391 0.531250
2 0.435547 0.557617 0.140625 0.314453
2 0.619141 0.601562 0.121094 0.183594
2 0.560547 0.725586 0.300781 0.087891
2 0.444336 0.896484 0.142578 0.207031
2 0.544922 0.878906 0.125000 0.242188
2 0.635742 0.852539 0.154297 0.294922
2 0.766602 0.843750 0.189453 0.312500
2 0.702148 0.079102 0.150391 0.154297
2 0.817383 0.103516 0.169922 0.203125
2 0.892578 0.147461 0.164062 0.291016
2 0.971680 0.166016 0.056641 0.328125
0 0.838867 0.779297 0.119141 0.117188
