0 0.034180 0.035156 0.064453 0.066406
0 0.195312 0.176758 0.128906 0.111328
0 0.113281 0.211914 0.121094 0.111328
0 0.543945 0.035156 0.064453 0.066406
0 0.663086 0.083984 0.095703 0.085938
0 0.791016 0.084961 0.140625 0.103516
0 0.930664 0.097656 0.138672 0.125000
0 0.958984 0.204102 0.082031 0.091797
0 0.866211 0.235352 0.150391 0.146484
0 0.785156 0.241211 0.093750 0.087891
0 0.698242 0.262695 0.076172 0.091797
0 0.788086 0.338867 0.119141 0.072266
0 0.824219 0.530273 0.101562 0.107422
0 0.761719 0.705078 0.175781 0.199219
0 0.653320 0.795898 0.134766 0.166016
0 0.750000 0.907227 0.152344 0.068359
0 0.748047 0.967773 0.121094 0.064453
0 0.626953 0.973633 0.144531 0.052734
0 0.511719 0.804688 0.167969 0.144531
0 0.413086 0.869141 0.154297 0.093750
0 0.316406 0.924805 0.164062 0.091797
0 0.040039 0.857422 0.076172 0.089844
0 0.206055 0.688477 0.111328 0.080078
0 0.084961 0.624023 0.103516 0.076172
0 0.186523 0.602539 0.115234 0.076172
0 0.295898 0.580078 0.099609 0.105469
0 0.390625 0.563477 0.101562 0.126953
0 0.088867 0.481445 0.123047 0.107422
0 0.194336 0.473633 0.107422 0.138672
0 0.273438 0.462891 0.101562 0.109375
0 0.371094 0.436523 0.117188 0.111328
0 0.240234 0.297852 0.097656 0.099609
0 0.167969 0.332031 0.101562 0.132812
0 0.059570 0.354492 0.115234 0.111328
0 0.385742 0.095703 0.095703 0.113281
0 0.286133 0.106445 0.080078 0.150391
0 0.390625 0.199219 0.175781 0.117188
0 0.541016 0.358398 0.144531 0.146484
0 0.562500 0.488281 0.121094 0.062500
0 0.152344 0.968750 0.109375 0.046875
0 0.139648 0.805664 0.119141 0.083984
