0 0.666992 0.072266 0.185547 0.140625
0 0.761719 0.230469 0.121094 0.105469
0 0.586914 0.352539 0.126953 0.123047
0 0.741211 0.411133 0.126953 0.123047
0 0.863281 0.535156 0.183594 0.152344
0 0.945312 0.687500 0.109375 0.128906
0 0.748047 0.655273 0.109375 0.095703
0 0.856445 0.706055 0.142578 0.166016
0 0.854492 0.850586 0.216797 0.115234
0 0.227539 0.303711 0.134766 0.111328
0 0.112305 0.374023 0.212891 0.138672
0 0.038086 0.239258 0.072266 0.083984
0 0.070312 0.552734 0.136719 0.117188
0 0.185547 0.539062 0.125000 0.105469
0 0.334961 0.519531 0.146484 0.093750
0 0.371094 0.404297 0.167969 0.117188
0 0.875977 0.541992 0.150391 0.134766
0 0.902344 0.849609 0.117188 0.109375
0 0.549805 0.845703 0.134766 0.136719
0 0.591797 0.728516 0.132812 0.097656
0 0.540039 0.625000 0.115234 0.101562
0 0.431641 0.616211 0.062500 0.080078
0 0.344727 0.718750 0.123047 0.117188
0 0.154297 0.737305 0.179688 0.130859
0 0.158203 0.898438 0.125000 0.132812
0 0.304688 0.918945 0.148438 0.103516
0 0.427734 0.788086 0.144531 0.154297
0 0.532227 0.968750 0.146484 0.054688
0 0.835938 0.975586 0.214844 0.048828
