0 0.366211 0.145508 0.236328 0.150391
0 0.074219 0.157227 0.144531 0.107422
0 0.138672 0.323242 0.148438 0.130859
0 0.263672 0.322266 0.117188 0.085938
0 0.379883 0.339844 0.115234 0.121094
0 0.514648 0.358398 0.158203 0.130859
0 0.738281 0.308594 0.171875 0.121094
0 0.888672 0.210938 0.199219 0.191406
0 0.881836 0.400391 0.138672 0.109375
0 0.828125 0.464844 0.113281 0.136719
2 0.124023 0.527344 0.103516 0.175781
2 0.725586 0.636719 0.373047 0.171875
2 0.583984 0.692383 0.296875 0.189453
2 0.718750 0.758789 0.230469 0.134766
2 0.555664 0.824219 0.130859 0.132812
2 0.739258 0.858398 0.216797 0.162109
2 0.167969 0.895508 0.093750 0.208984
2 0.255859 0.894531 0.132812 0.210938
2 0.346680 0.914062 0.103516 0.171875
2 0.539062 0.951172 0.078125 0.097656
2 0.618164 0.964844 0.083984 0.070312
