2 0.924805 0.036133 0.150391 0.068359
2 0.945312 0.080078 0.109375 0.121094
2 0.965820 0.167969 0.068359 0.085938
2 0.889648 0.188477 0.220703 0.373047
2 0.714844 0.092773 0.160156 0.181641
2 0.887695 0.417969 0.224609 0.394531
2 0.404297 0.351562 0.691406 0.437500
2 0.375000 0.285156 0.695312 0.425781
2 0.341797 0.234375 0.679688 0.417969
2 0.469727 0.460938 0.669922 0.417969
2 0.321289 0.187500 0.638672 0.371094
2 0.509766 0.525391 0.679688 0.425781
2 0.553711 0.596680 0.677734 0.427734
2 0.593750 0.671875 0.675781 0.421875
2 0.633789 0.736328 0.685547 0.421875
2 0.667969 0.797852 0.664062 0.396484
2 0.060547 0.694336 0.117188 0.103516
2 0.074219 0.760742 0.144531 0.115234
2 0.088867 0.817383 0.173828 0.138672
2 0.103516 0.882812 0.203125 0.164062
2 0.135742 0.905273 0.197266 0.103516
2 0.188477 0.945312 0.162109 0.085938
