0 0.652344 0.250977 0.253906 0.236328
0 0.787109 0.337891 0.152344 0.167969
0 0.847656 0.391602 0.128906 0.134766
0 0.908203 0.216797 0.183594 0.214844
0 0.446289 0.079102 0.294922 0.154297
0 0.357422 0.394531 0.144531 0.152344
0 0.208008 0.389648 0.189453 0.162109
0 0.092773 0.228516 0.146484 0.113281
0 0.168945 0.099609 0.166016 0.144531
0 0.095703 0.478516 0.167969 0.238281
0 0.505859 0.551758 0.136719 0.138672
0 0.610352 0.597656 0.134766 0.136719
0 0.321289 0.685547 0.158203 0.070312
0 0.325195 0.756836 0.119141 0.099609
0 0.473633 0.810547 0.134766 0.128906
0 0.553711 0.846680 0.138672 0.107422
0 0.455078 0.897461 0.125000 0.095703
0 0.551758 0.924805 0.115234 0.103516
0 0.317383 0.895508 0.107422 0.103516
0 0.233398 0.802734 0.087891 0.152344
0 0.082031 0.877930 0.136719 0.162109
0 0.172852 0.808594 0.083984 0.085938
0 0.074219 0.776367 0.132812 0.169922
0 0.171875 0.667969 0.167969 0.171875
0 0.637695 0.480469 0.365234 0.289062
0 0.863281 0.601562 0.230469 0.238281
0 0.915039 0.681641 0.166016 0.164062
0 0.842773 0.781250 0.146484 0.144531
0 0.946289 0.844727 0.107422 0.255859
0 0.959961 0.926758 0.080078 0.091797
1 0.496094 0.578125 0.113281 0.074219
1 0.599609 0.635742 0.062500 0.044922
