0 0.251953 0.055664 0.117188 0.091797
0 0.380859 0.104492 0.101562 0.095703
0 0.046875 0.073242 0.089844 0.142578
0 0.303711 0.269531 0.076172 0.058594
0 0.376953 0.437500 0.101562 0.105469
0 0.254883 0.529297 0.103516 0.117188
0 0.446289 0.538086 0.111328 0.111328
0 0.209961 0.720703 0.142578 0.101562
0 0.290039 0.665039 0.162109 0.126953
0 0.458984 0.855469 0.132812 0.128906
0 0.136719 0.943359 0.242188 0.109375
0 0.375000 0.966797 0.253906 0.066406
0 0.769531 0.288086 0.093750 0.158203
0 0.878906 0.407227 0.203125 0.107422
0 0.759766 0.102539 0.128906 0.142578
0 0.860352 0.097656 0.111328 0.136719
0 0.676758 0.910156 0.248047 0.175781
0 0.856445 0.951172 0.130859 0.097656
0 0.680664 0.661133 0.185547 0.142578
0 0.774414 0.762695 0.052734 0.119141
0 0.460938 0.619141 0.093750 0.082031
0 0.539062 0.679688 0.070312 0.070312
0 0.094727 0.407227 0.177734 0.158203
1 0.200195 0.405273 0.041016 0.044922
1 0.474609 0.818359 0.039062 0.039062
