0 0.202148 0.107422 0.224609 0.210938
0 0.521484 0.063477 0.171875 0.123047
0 0.694336 0.050781 0.173828 0.097656
0 0.668945 0.140625 0.126953 0.136719
0 0.805664 0.116211 0.142578 0.083984
0 0.921875 0.108398 0.156250 0.130859
0 0.924805 0.352539 0.150391 0.119141
0 0.365234 0.293945 0.191406 0.158203
0 0.052734 0.554688 0.101562 0.187500
0 0.390625 0.560547 0.132812 0.101562
0 0.421875 0.667969 0.144531 0.113281
0 0.454102 0.774414 0.146484 0.107422
0 0.509766 0.932617 0.125000 0.134766
2 0.723633 0.776367 0.150391 0.439453
2 0.858398 0.834961 0.107422 0.330078
2 0.955078 0.822266 0.089844 0.355469
0 0.807617 0.315430 0.150391 0.068359
0 0.100586 0.958008 0.197266 0.083984
