0 0.284180 0.030273 0.142578 0.056641
0 0.084961 0.024414 0.115234 0.044922
0 0.161133 0.099609 0.150391 0.117188
0 0.215820 0.177734 0.134766 0.128906
0 0.090820 0.185547 0.173828 0.144531
0 0.337891 0.089844 0.136719 0.121094
0 0.444336 0.061523 0.115234 0.115234
0 0.491211 0.126953 0.134766 0.117188
0 0.571289 0.074219 0.130859 0.132812
0 0.377930 0.165039 0.150391 0.119141
0 0.280273 0.242188 0.162109 0.128906
0 0.196289 0.304688 0.130859 0.121094
0 0.135742 0.349609 0.107422 0.097656
0 0.054688 0.391602 0.105469 0.130859
0 0.136719 0.492188 0.140625 0.148438
0 0.216797 0.446289 0.132812 0.142578
0 0.324219 0.373047 0.191406 0.167969
0 0.445312 0.288086 0.148438 0.138672
0 0.061523 0.565430 0.119141 0.189453
0 0.555664 0.231445 0.158203 0.146484
0 0.649414 0.169922 0.162109 0.140625
0 0.780273 0.058594 0.154297 0.105469
0 0.917969 0.247070 0.093750 0.115234
0 0.914062 0.392578 0.171875 0.191406
0 0.681641 0.475586 0.125000 0.111328
0 0.089844 0.882812 0.152344 0.156250
0 0.231445 0.799805 0.181641 0.201172
0 0.336914 0.691406 0.201172 0.179688
0 0.518555 0.595703 0.189453 0.179688
0 0.486328 0.811523 0.187500 0.130859
0 0.641602 0.772461 0.166016 0.134766
0 0.593750 0.911133 0.113281 0.091797
0 0.343750 0.939453 0.132812 0.101562
0 0.809570 0.682617 0.166016 0.126953
0 0.914062 0.575195 0.144531 0.154297
0 0.767578 0.501953 0.171875 0.117188
0 0.775391 0.584961 0.136719 0.107422
