2 0.147461 0.084961 0.177734 0.166016
2 0.301758 0.044922 0.189453 0.085938
2 0.490234 0.075195 0.187500 0.146484
2 0.677734 0.078125 0.203125 0.152344
2 0.888672 0.083984 0.222656 0.164062
2 0.574219 0.175781 0.214844 0.093750
2 0.879883 0.215820 0.236328 0.166016
2 0.686523 0.269531 0.361328 0.246094
2 0.919922 0.377930 0.160156 0.220703
2 0.771484 0.461914 0.281250 0.173828
2 0.938477 0.557617 0.123047 0.158203
2 0.838867 0.629883 0.232422 0.201172
2 0.950195 0.850586 0.099609 0.298828
2 0.877930 0.872070 0.107422 0.255859
2 0.783203 0.876953 0.148438 0.246094
2 0.682617 0.917969 0.134766 0.164062
2 0.580078 0.960938 0.101562 0.078125
