1 0.333984 0.585938 0.121094 0.121094
0 0.056641 0.118164 0.109375 0.119141
0 0.069336 0.267578 0.064453 0.039062
0 0.024414 0.329102 0.044922 0.107422
0 0.068359 0.450195 0.125000 0.123047
0 0.130859 0.387695 0.082031 0.048828
0 0.078125 0.588867 0.113281 0.095703
0 0.133789 0.519531 0.111328 0.050781
0 0.275391 0.404297 0.179688 0.203125
0 0.166992 0.696289 0.087891 0.048828
0 0.124023 0.942383 0.083984 0.115234
0 0.338867 0.810547 0.083984 0.156250
0 0.455078 0.934570 0.101562 0.083984
0 0.773438 0.821289 0.085938 0.134766
0 0.712891 0.758789 0.136719 0.130859
0 0.700195 0.389648 0.087891 0.103516
0 0.504883 0.228516 0.103516 0.121094
0 0.608398 0.218750 0.083984 0.089844
0 0.696289 0.486328 0.197266 0.089844
2 0.442383 0.761719 0.083984 0.062500
2 0.930664 0.778320 0.111328 0.056641
2 0.939453 0.822266 0.113281 0.046875
1 0.032227 0.118164 0.048828 0.041016
0 0.718750 0.667969 0.136719 0.050781
