0 0.207031 0.035156 0.300781 0.062500
0 0.057617 0.432617 0.111328 0.091797
0 0.095703 0.615234 0.125000 0.105469
0 0.216797 0.591797 0.089844 0.085938
0 0.329102 0.583008 0.083984 0.115234
0 0.234375 0.425781 0.097656 0.093750
0 0.324219 0.402344 0.093750 0.117188
0 0.426758 0.375000 0.095703 0.078125
0 0.538086 0.357422 0.083984 0.093750
0 0.637695 0.357422 0.076172 0.089844
0 0.734375 0.355469 0.078125 0.085938
0 0.905273 0.171875 0.189453 0.191406
0 0.851562 0.365234 0.105469 0.097656
0 0.653320 0.439453 0.080078 0.050781
0 0.773438 0.431641 0.078125 0.058594
0 0.896484 0.461914 0.054688 0.052734
0 0.833008 0.503906 0.080078 0.062500
0 0.715820 0.534180 0.095703 0.076172
0 0.631836 0.549805 0.091797 0.087891
0 0.541016 0.560547 0.109375 0.093750
0 0.436523 0.554688 0.103516 0.070312
0 0.427734 0.632812 0.089844 0.066406
0 0.710938 0.720703 0.156250 0.085938
