1 0.557617 0.215820 0.103516 0.083984
1 0.404297 0.114258 0.078125 0.076172
0 0.408203 0.097656 0.136719 0.164062
0 0.404297 0.291992 0.214844 0.244141
0 0.556641 0.181641 0.164062 0.183594
0 0.707031 0.298828 0.167969 0.187500
0 0.606445 0.355469 0.212891 0.226562
0 0.734375 0.143555 0.257812 0.283203
0 0.640625 0.605469 0.246094 0.140625
0 0.695312 0.732422 0.195312 0.218750
0 0.908203 0.620117 0.171875 0.134766
0 0.839844 0.765625 0.257812 0.136719
0 0.854492 0.869141 0.201172 0.117188
0 0.841797 0.953125 0.175781 0.093750
0 0.953125 0.843750 0.093750 0.109375
0 0.956055 0.937500 0.087891 0.125000
0 0.098633 0.943359 0.193359 0.113281
