0 0.875000 0.899414 0.097656 0.119141
0 0.942383 0.750000 0.115234 0.132812
0 0.622070 0.903320 0.294922 0.193359
0 0.113281 0.906250 0.101562 0.128906
0 0.051758 0.253906 0.099609 0.128906
0 0.563477 0.262695 0.119141 0.130859
2 0.326172 0.680664 0.164062 0.208984
2 0.360352 0.651367 0.173828 0.201172
2 0.703125 0.423828 0.156250 0.140625
2 0.728516 0.380859 0.167969 0.148438
2 0.759766 0.348633 0.167969 0.154297
2 0.729492 0.250000 0.287109 0.261719
2 0.757812 0.211914 0.285156 0.263672
2 0.792969 0.176758 0.250000 0.236328
2 0.455078 0.067383 0.140625 0.130859
2 0.237305 0.256836 0.314453 0.306641
2 0.339844 0.406250 0.308594 0.285156
2 0.360352 0.450195 0.298828 0.275391
2 0.437500 0.489258 0.234375 0.208984
2 0.486328 0.518555 0.242188 0.228516
2 0.527344 0.545898 0.273438 0.248047
2 0.555664 0.580078 0.263672 0.250000
2 0.604492 0.599609 0.224609 0.210938
