2 0.760742 0.755859 0.212891 0.488281
2 0.702148 0.743164 0.224609 0.513672
2 0.478516 0.821289 0.195312 0.357422
2 0.404297 0.804688 0.203125 0.390625
2 0.327148 0.817383 0.173828 0.365234
2 0.565430 0.425781 0.123047 0.117188
0 0.739258 0.236328 0.134766 0.101562
0 0.808594 0.064453 0.105469 0.066406
0 0.851562 0.365234 0.144531 0.105469
0 0.161133 0.200195 0.150391 0.142578
0 0.362305 0.050781 0.146484 0.097656
0 0.542969 0.083984 0.070312 0.050781
0 0.164062 0.073242 0.257812 0.142578
1 0.186523 0.020508 0.041016 0.037109
