0 0.400391 0.079102 0.132812 0.099609
0 0.528320 0.098633 0.162109 0.107422
0 0.658203 0.058594 0.199219 0.113281
0 0.676758 0.339844 0.271484 0.312500
1 0.481445 0.241211 0.076172 0.072266
0 0.505859 0.232422 0.164062 0.125000
0 0.262695 0.261719 0.126953 0.156250
0 0.369141 0.362305 0.160156 0.154297
0 0.178711 0.486328 0.173828 0.140625
0 0.231445 0.618164 0.146484 0.138672
0 0.462891 0.546875 0.121094 0.207031
0 0.585938 0.606445 0.144531 0.185547
0 0.728516 0.751953 0.191406 0.339844
0 0.922852 0.753906 0.154297 0.382812
0 0.877930 0.952148 0.244141 0.095703
0 0.944336 0.268555 0.111328 0.177734
0 0.836914 0.323242 0.091797 0.119141
