2 0.075195 0.039062 0.146484 0.066406
2 0.145508 0.090820 0.287109 0.166016
2 0.207031 0.130859 0.390625 0.226562
2 0.291992 0.172852 0.564453 0.330078
2 0.407227 0.265625 0.724609 0.429688
2 0.434570 0.347656 0.716797 0.488281
2 0.496094 0.390625 0.722656 0.437500
2 0.489258 0.407227 0.744141 0.384766
2 0.523438 0.470703 0.738281 0.390625
2 0.552734 0.555664 0.738281 0.416016
2 0.634766 0.641602 0.714844 0.455078
2 0.650391 0.726562 0.699219 0.480469
2 0.871094 0.046875 0.191406 0.089844
2 0.904297 0.081055 0.191406 0.142578
2 0.917969 0.137695 0.164062 0.146484
2 0.937500 0.213867 0.125000 0.103516
