2 0.101562 0.121094 0.085938 0.238281
2 0.177734 0.125977 0.085938 0.248047
2 0.248047 0.117188 0.101562 0.230469
2 0.041992 0.553711 0.080078 0.556641
2 0.125000 0.562500 0.097656 0.570312
2 0.220703 0.513672 0.125000 0.437500
2 0.286133 0.513672 0.095703 0.457031
2 0.381836 0.355469 0.087891 0.144531
0 0.563477 0.322266 0.154297 0.125000
0 0.720703 0.389648 0.156250 0.138672
0 0.766602 0.484375 0.240234 0.101562
0 0.581055 0.739258 0.197266 0.154297
0 0.478516 0.798828 0.109375 0.183594
0 0.441406 0.923828 0.136719 0.152344
0 0.560547 0.914062 0.148438 0.140625
0 0.787109 0.965820 0.132812 0.068359
0 0.834961 0.815430 0.146484 0.126953
0 0.958008 0.866211 0.083984 0.232422
0 0.970703 0.390625 0.058594 0.199219
0 0.959961 0.176758 0.080078 0.154297
0 0.666016 0.122070 0.179688 0.197266
0 0.831055 0.071289 0.154297 0.138672
