1 0.285156 0.166016 0.062500 0.062500
1 0.501953 0.144531 0.074219 0.054688
2 0.644531 0.559570 0.433594 0.158203
2 0.556641 0.389648 0.167969 0.095703
0 0.090820 0.134766 0.177734 0.152344
0 0.163086 0.037109 0.095703 0.070312
0 0.476562 0.061523 0.191406 0.119141
0 0.630859 0.069336 0.171875 0.126953
0 0.588867 0.161133 0.107422 0.107422
0 0.753906 0.120117 0.148438 0.123047
0 0.774414 0.338867 0.197266 0.146484
0 0.889648 0.378906 0.138672 0.117188
0 0.652344 0.303711 0.117188 0.123047
0 0.557617 0.283203 0.158203 0.203125
0 0.427734 0.221680 0.191406 0.228516
0 0.250977 0.180664 0.166016 0.224609
0 0.267578 0.487305 0.226562 0.306641
2 0.108398 0.464844 0.099609 0.238281
0 0.858398 0.702148 0.185547 0.099609
0 0.938477 0.788086 0.123047 0.162109
0 0.949219 0.093750 0.101562 0.152344
0 0.392578 0.340820 0.128906 0.126953
