2 0.070312 0.026367 0.132812 0.048828
2 0.126953 0.067383 0.250000 0.130859
2 0.177734 0.099609 0.351562 0.191406
2 0.243164 0.138672 0.474609 0.261719
2 0.315430 0.172852 0.619141 0.341797
2 0.078125 0.879883 0.152344 0.240234
2 0.814453 0.885742 0.371094 0.228516
2 0.356445 0.250000 0.626953 0.359375
2 0.385742 0.306641 0.630859 0.363281
2 0.418945 0.368164 0.611328 0.376953
2 0.447266 0.416992 0.621094 0.369141
2 0.477539 0.471680 0.638672 0.365234
2 0.510742 0.521484 0.634766 0.371094
2 0.549805 0.575195 0.642578 0.380859
2 0.575195 0.634766 0.630859 0.371094
2 0.604492 0.685547 0.638672 0.378906
2 0.631836 0.744141 0.669922 0.421875
2 0.858398 0.169922 0.283203 0.335938
