0 0.292969 0.049805 0.128906 0.095703
0 0.210938 0.086914 0.128906 0.099609
0 0.157227 0.045898 0.119141 0.087891
0 0.088867 0.076172 0.099609 0.093750
0 0.148438 0.154297 0.113281 0.105469
0 0.046875 0.159180 0.089844 0.123047
0 0.470703 0.222656 0.121094 0.097656
0 0.363281 0.305664 0.109375 0.091797
0 0.499023 0.329102 0.123047 0.091797
0 0.538086 0.438477 0.162109 0.087891
0 0.395508 0.407227 0.115234 0.099609
0 0.216797 0.310547 0.140625 0.093750
0 0.224609 0.402344 0.109375 0.078125
0 0.251953 0.470703 0.109375 0.093750
0 0.165039 0.532227 0.146484 0.080078
0 0.039062 0.459961 0.074219 0.095703
0 0.061523 0.568359 0.119141 0.097656
0 0.174805 0.758789 0.146484 0.185547
0 0.061523 0.782227 0.119141 0.181641
0 0.329102 0.683594 0.123047 0.109375
0 0.291992 0.596680 0.091797 0.091797
0 0.397461 0.674805 0.115234 0.080078
0 0.416992 0.559570 0.169922 0.154297
0 0.547852 0.552734 0.130859 0.097656
0 0.670898 0.444336 0.099609 0.095703
0 0.791992 0.114258 0.322266 0.224609
0 0.938477 0.457031 0.123047 0.144531
0 0.891602 0.570312 0.123047 0.125000
0 0.791992 0.559570 0.123047 0.103516
0 0.728516 0.671875 0.089844 0.097656
0 0.645508 0.676758 0.111328 0.091797
0 0.590820 0.768555 0.091797 0.107422
0 0.694336 0.796875 0.099609 0.148438
0 0.841797 0.934570 0.210938 0.130859
0 0.630859 0.958984 0.132812 0.082031
0 0.388672 0.920898 0.140625 0.123047
0 0.538086 0.940430 0.119141 0.119141
0 0.834961 0.805664 0.154297 0.134766
0 0.935547 0.790039 0.128906 0.111328
0 0.184570 0.971680 0.134766 0.056641
0 0.279297 0.949219 0.109375 0.101562
