2 0.503906 0.679688 0.246094 0.058594
2 0.500000 0.736328 0.246094 0.054688
2 0.494141 0.797852 0.234375 0.052734
2 0.441406 0.934570 0.097656 0.130859
2 0.509766 0.938477 0.082031 0.123047
2 0.585938 0.950195 0.074219 0.099609
2 0.708008 0.789062 0.146484 0.070312
2 0.699219 0.852539 0.132812 0.072266
2 0.661133 0.957031 0.080078 0.085938
0 0.566406 0.443359 0.097656 0.089844
0 0.715820 0.564453 0.197266 0.136719
0 0.746094 0.710938 0.089844 0.144531
0 0.843750 0.813477 0.089844 0.134766
0 0.756836 0.962891 0.099609 0.074219
1 0.949219 0.874023 0.066406 0.037109
1 0.916016 0.904297 0.058594 0.027344
