1 0.826172 0.034180 0.347656 0.033203
1 0.767578 0.095703 0.328125 0.042969
1 0.972656 0.095703 0.054688 0.046875
1 0.811523 0.157227 0.376953 0.029297
1 0.755859 0.210938 0.238281 0.027344
1 0.952148 0.217773 0.095703 0.033203
1 0.810547 0.278320 0.378906 0.029297
1 0.663086 0.333984 0.123047 0.035156
1 0.869141 0.335938 0.261719 0.031250
1 0.783203 0.395508 0.433594 0.033203
1 0.787109 0.458984 0.402344 0.031250
1 0.791992 0.512695 0.392578 0.033203
1 0.766602 0.574219 0.388672 0.039062
1 0.846680 0.634766 0.158203 0.035156
2 0.491211 0.175781 0.173828 0.347656
