0 0.179688 0.058594 0.210938 0.113281
0 0.189453 0.326172 0.148438 0.156250
0 0.448242 0.291992 0.177734 0.115234
0 0.621094 0.277344 0.164062 0.097656
0 0.746094 0.236328 0.097656 0.109375
0 0.851562 0.227539 0.117188 0.103516
0 0.968750 0.219727 0.062500 0.091797
0 0.971680 0.312500 0.056641 0.078125
0 0.977539 0.407227 0.044922 0.087891
0 0.857422 0.370117 0.105469 0.119141
0 0.871094 0.482422 0.117188 0.085938
0 0.499023 0.461914 0.564453 0.189453
0 0.936523 0.611328 0.126953 0.121094
0 0.961914 0.708008 0.076172 0.099609
0 0.811523 0.590820 0.103516 0.076172
0 0.732422 0.611328 0.117188 0.101562
0 0.635742 0.652344 0.138672 0.132812
0 0.537109 0.675781 0.128906 0.128906
0 0.460938 0.775391 0.136719 0.109375
0 0.330078 0.713867 0.121094 0.095703
0 0.351562 0.834961 0.140625 0.150391
0 0.820312 0.699219 0.121094 0.105469
0 0.879883 0.784180 0.126953 0.123047
0 0.733398 0.800781 0.201172 0.171875
0 0.932617 0.859375 0.134766 0.125000
0 0.849609 0.907227 0.109375 0.111328
0 0.626953 0.893555 0.164062 0.166016
0 0.503906 0.944336 0.203125 0.111328
0 0.070312 0.811523 0.136719 0.091797
0 0.052734 0.693359 0.101562 0.121094
0 0.075195 0.906250 0.146484 0.121094
