0 0.105469 0.286133 0.093750 0.080078
0 0.057617 0.380859 0.095703 0.136719
0 0.404297 0.365234 0.121094 0.097656
0 0.609375 0.386719 0.140625 0.101562
0 0.546875 0.542969 0.132812 0.097656
0 0.658203 0.670898 0.136719 0.181641
0 0.727539 0.543945 0.091797 0.072266
0 0.849609 0.406250 0.117188 0.109375
0 0.790039 0.644531 0.099609 0.093750
0 0.931641 0.887695 0.136719 0.099609
0 0.443359 0.755859 0.121094 0.113281
0 0.264648 0.654297 0.056641 0.082031
0 0.278320 0.501953 0.146484 0.156250
0 0.293945 0.389648 0.076172 0.060547
0 0.093750 0.508789 0.097656 0.091797
