2 0.253906 0.023438 0.503906 0.042969
2 0.336914 0.096680 0.669922 0.107422
2 0.379883 0.213867 0.751953 0.111328
2 0.417969 0.321289 0.832031 0.103516
2 0.450195 0.432617 0.896484 0.111328
2 0.414062 0.531250 0.640625 0.082031
2 0.373047 0.620117 0.437500 0.080078
2 0.317383 0.699219 0.271484 0.082031
2 0.288086 0.773438 0.126953 0.058594
2 0.021484 0.588867 0.039062 0.080078
2 0.040039 0.672852 0.076172 0.080078
2 0.057617 0.760742 0.111328 0.080078
2 0.061523 0.812500 0.119141 0.027344
2 0.062500 0.862305 0.121094 0.072266
2 0.141602 0.954102 0.271484 0.091797
2 0.879883 0.065430 0.240234 0.126953
