0 0.550781 0.271484 0.195312 0.156250
0 0.653320 0.187500 0.134766 0.136719
0 0.787109 0.793945 0.109375 0.119141
0 0.806641 0.875000 0.125000 0.121094
0 0.903320 0.857422 0.150391 0.167969
0 0.194336 0.776367 0.173828 0.162109
1 0.265625 0.826172 0.070312 0.062500
1 0.176758 0.783203 0.111328 0.093750
0 0.376953 0.857422 0.148438 0.121094
2 0.350586 0.738281 0.333984 0.273438
2 0.401367 0.706055 0.361328 0.306641
2 0.441406 0.646484 0.378906 0.316406
2 0.474609 0.593750 0.378906 0.312500
2 0.512695 0.541992 0.373047 0.318359
2 0.546875 0.492188 0.363281 0.312500
