2 0.039062 0.305664 0.074219 0.607422
2 0.078125 0.302734 0.152344 0.601562
2 0.153320 0.297852 0.162109 0.591797
2 0.236328 0.297852 0.148438 0.591797
2 0.327148 0.291016 0.142578 0.578125
2 0.408203 0.282227 0.140625 0.560547
2 0.493164 0.274414 0.142578 0.544922
2 0.567383 0.268555 0.138672 0.533203
2 0.635742 0.264648 0.134766 0.525391
2 0.721680 0.261719 0.134766 0.519531
2 0.802734 0.250977 0.136719 0.498047
2 0.869141 0.250977 0.128906 0.498047
2 0.932617 0.788086 0.119141 0.423828
2 0.854492 0.790039 0.130859 0.419922
2 0.775391 0.791016 0.128906 0.417969
2 0.691406 0.796875 0.121094 0.406250
2 0.585938 0.801758 0.113281 0.396484
2 0.505859 0.807617 0.121094 0.384766
2 0.416992 0.810547 0.115234 0.378906
2 0.326172 0.812500 0.109375 0.375000
2 0.227539 0.817383 0.126953 0.365234
2 0.143555 0.821289 0.123047 0.357422
2 0.053711 0.836914 0.103516 0.326172
