0 0.063477 0.314453 0.123047 0.132812
0 0.110352 0.902344 0.146484 0.113281
0 0.309570 0.879883 0.130859 0.123047
0 0.414062 0.815430 0.109375 0.095703
0 0.520508 0.758789 0.123047 0.130859
0 0.632812 0.688477 0.117188 0.099609
0 0.746094 0.625977 0.097656 0.087891
0 0.835938 0.574219 0.125000 0.109375
0 0.831055 0.782227 0.103516 0.095703
0 0.701172 0.870117 0.109375 0.103516
0 0.610352 0.930664 0.134766 0.111328
2 0.908203 0.033203 0.183594 0.062500
2 0.924805 0.058594 0.150391 0.113281
2 0.940430 0.139648 0.119141 0.126953
2 0.960938 0.216797 0.078125 0.105469
