0 0.307617 0.113281 0.193359 0.175781
0 0.237305 0.167969 0.142578 0.136719
0 0.083984 0.246094 0.164062 0.281250
0 0.202148 0.317383 0.146484 0.126953
0 0.163086 0.392578 0.177734 0.148438
1 0.064453 0.949219 0.125000 0.066406
0 0.144531 0.911133 0.187500 0.177734
0 0.096680 0.635742 0.154297 0.169922
0 0.243164 0.826172 0.306641 0.332031
0 0.776367 0.375000 0.158203 0.156250
0 0.577148 0.065430 0.193359 0.126953
0 0.682617 0.541016 0.119141 0.097656
0 0.670898 0.665039 0.212891 0.154297
0 0.702148 0.911133 0.392578 0.177734
0 0.852539 0.582031 0.107422 0.117188
0 0.899414 0.800781 0.130859 0.140625
