2 0.410156 0.028320 0.062500 0.052734
2 0.478516 0.034180 0.074219 0.064453
2 0.536133 0.046875 0.072266 0.085938
2 0.597656 0.049805 0.082031 0.095703
2 0.658203 0.055664 0.082031 0.107422
2 0.737305 0.065430 0.087891 0.126953
2 0.853516 0.075195 0.101562 0.146484
2 0.963867 0.096680 0.072266 0.189453
2 0.599609 0.916016 0.359375 0.167969
2 0.706055 0.527344 0.146484 0.785156
2 0.592773 0.685547 0.142578 0.425781
2 0.515625 0.814453 0.097656 0.207031
2 0.826172 0.545898 0.105469 0.771484
2 0.922852 0.377930 0.103516 0.369141
