1 0.476562 0.029297 0.093750 0.054688
2 0.954102 0.357422 0.091797 0.074219
2 0.052734 0.175781 0.101562 0.347656
2 0.149414 0.183594 0.146484 0.363281
2 0.304688 0.183594 0.183594 0.363281
2 0.437500 0.086914 0.132812 0.169922
2 0.076172 0.519531 0.148438 0.390625
2 0.209961 0.441406 0.138672 0.179688
2 0.070312 0.913086 0.136719 0.173828
2 0.170898 0.936523 0.103516 0.126953
2 0.250977 0.960938 0.076172 0.078125
2 0.903320 0.679688 0.095703 0.640625
2 0.970703 0.694336 0.058594 0.611328
2 0.830078 0.704102 0.074219 0.591797
2 0.760742 0.758789 0.083984 0.482422
2 0.693359 0.823242 0.074219 0.353516
2 0.645508 0.866211 0.099609 0.267578
2 0.549805 0.902344 0.103516 0.195312
