0 0.083984 0.475586 0.148438 0.130859
0 0.152344 0.594727 0.183594 0.134766
0 0.225586 0.537109 0.138672 0.160156
0 0.173828 0.687500 0.167969 0.125000
0 0.291992 0.705078 0.193359 0.152344
0 0.343750 0.882812 0.164062 0.136719
0 0.044922 0.641602 0.085938 0.107422
0 0.106445 0.838867 0.177734 0.177734
2 0.827148 0.908203 0.115234 0.078125
2 0.493164 0.197266 0.123047 0.191406
2 0.589844 0.220703 0.117188 0.339844
2 0.729492 0.287109 0.162109 0.570312
2 0.822266 0.692383 0.148438 0.255859
2 0.929688 0.632812 0.140625 0.261719
2 0.884766 0.350586 0.230469 0.400391
2 0.887695 0.082031 0.224609 0.160156
