0 0.768555 0.050781 0.142578 0.097656
0 0.713867 0.259766 0.115234 0.117188
0 0.741211 0.347656 0.111328 0.109375
0 0.570312 0.095703 0.109375 0.078125
0 0.898438 0.027344 0.070312 0.050781
0 0.930664 0.384766 0.119141 0.109375
0 0.926758 0.555664 0.130859 0.134766
0 0.832031 0.601562 0.140625 0.238281
0 0.660156 0.691406 0.144531 0.136719
1 0.749023 0.462891 0.048828 0.039062
2 0.930664 0.938477 0.138672 0.123047
2 0.791992 0.948242 0.146484 0.103516
2 0.868164 0.965820 0.123047 0.068359
2 0.613281 0.386719 0.128906 0.187500
2 0.450195 0.299805 0.376953 0.595703
2 0.083984 0.099609 0.164062 0.195312
