0 0.798828 0.128906 0.121094 0.253906
0 0.720703 0.133789 0.136719 0.263672
0 0.640625 0.142578 0.144531 0.281250
0 0.913086 0.527344 0.173828 0.429688
0 0.833008 0.548828 0.212891 0.414062
0 0.751953 0.580078 0.210938 0.414062
0 0.271484 0.674805 0.085938 0.080078
2 0.306641 0.296875 0.589844 0.394531
2 0.320312 0.384766 0.605469 0.402344
2 0.309570 0.454102 0.580078 0.392578
2 0.046875 0.443359 0.089844 0.152344
2 0.084961 0.520508 0.166016 0.228516
2 0.122070 0.596680 0.240234 0.287109
2 0.149414 0.649414 0.294922 0.310547
2 0.511719 0.841797 0.613281 0.285156
2 0.456055 0.874023 0.619141 0.251953
2 0.270508 0.913086 0.388672 0.173828
2 0.163086 0.934570 0.291016 0.130859
