1 0.685547 0.201172 0.039062 0.042969
0 0.618164 0.204102 0.087891 0.087891
0 0.881836 0.053711 0.080078 0.087891
0 0.944336 0.146484 0.083984 0.148438
0 0.808594 0.213867 0.156250 0.107422
0 0.763672 0.283203 0.066406 0.058594
0 0.910156 0.319336 0.066406 0.123047
1 0.954102 0.297852 0.044922 0.044922
1 0.784180 0.439453 0.041016 0.042969
0 0.822266 0.390625 0.082031 0.058594
0 0.873047 0.454102 0.070312 0.095703
0 0.741211 0.575195 0.083984 0.068359
0 0.769531 0.666992 0.175781 0.123047
2 0.229492 0.745117 0.365234 0.169922
2 0.174805 0.821289 0.345703 0.193359
2 0.149414 0.892578 0.294922 0.183594
2 0.134766 0.938477 0.265625 0.123047
2 0.818359 0.889648 0.363281 0.212891
0 0.645508 0.349609 0.189453 0.078125
1 0.682617 0.198242 0.037109 0.044922
