2 0.138672 0.444336 0.273438 0.142578
2 0.145508 0.380859 0.287109 0.121094
1 0.095703 0.089844 0.113281 0.066406
0 0.410156 0.163086 0.191406 0.154297
0 0.243164 0.147461 0.126953 0.134766
0 0.160156 0.187500 0.066406 0.085938
0 0.296875 0.039062 0.171875 0.074219
0 0.738281 0.149414 0.105469 0.115234
0 0.947266 0.047852 0.105469 0.091797
0 0.832031 0.725586 0.140625 0.185547
0 0.712891 0.679688 0.078125 0.113281
0 0.507812 0.517578 0.117188 0.089844
0 0.526367 0.610352 0.126953 0.087891
0 0.395508 0.655273 0.142578 0.103516
0 0.187500 0.802734 0.113281 0.125000
