0 0.174805 0.134766 0.103516 0.070312
0 0.182617 0.240234 0.115234 0.136719
0 0.196289 0.421875 0.111328 0.117188
0 0.299805 0.429688 0.095703 0.093750
0 0.351562 0.349609 0.125000 0.054688
0 0.292969 0.509766 0.074219 0.054688
0 0.302734 0.586914 0.082031 0.115234
0 0.192383 0.634766 0.099609 0.105469
0 0.207031 0.759766 0.144531 0.128906
0 0.334961 0.701172 0.111328 0.082031
0 0.021484 0.247070 0.039062 0.123047
0 0.074219 0.443359 0.066406 0.078125
0 0.049805 0.705078 0.095703 0.113281
0 0.029297 0.895508 0.054688 0.115234
2 0.061523 0.232422 0.060547 0.121094
