2 0.589844 0.977539 0.082031 0.044922
2 0.515625 0.955078 0.109375 0.089844
2 0.442383 0.931641 0.138672 0.132812
2 0.376953 0.914062 0.175781 0.171875
2 0.307617 0.895508 0.193359 0.208984
2 0.085938 0.224609 0.167969 0.265625
0 0.056641 0.726562 0.105469 0.257812
0 0.130859 0.027344 0.062500 0.050781
2 0.109375 0.279297 0.214844 0.328125
2 0.135742 0.339844 0.267578 0.367188
2 0.278320 0.265625 0.427734 0.527344
2 0.321289 0.300781 0.412109 0.539062
2 0.356445 0.350586 0.400391 0.521484
2 0.401367 0.397461 0.380859 0.501953
