0 0.216797 0.627930 0.132812 0.087891
0 0.359375 0.632812 0.121094 0.058594
0 0.706055 0.357422 0.162109 0.128906
0 0.642578 0.056641 0.109375 0.109375
0 0.474609 0.216797 0.066406 0.089844
0 0.055664 0.668945 0.107422 0.103516
0 0.477539 0.681641 0.107422 0.085938
0 0.463867 0.857422 0.150391 0.113281
2 0.338867 0.551758 0.134766 0.072266
2 0.225586 0.695312 0.134766 0.050781
2 0.751953 0.946289 0.046875 0.107422
2 0.800781 0.899414 0.054688 0.201172
2 0.867188 0.913086 0.062500 0.173828
2 0.929688 0.910156 0.058594 0.179688
2 0.980469 0.912109 0.039062 0.175781
0 0.714844 0.529297 0.246094 0.199219
