2 0.471680 0.142578 0.287109 0.195312
2 0.554688 0.271484 0.507812 0.335938
2 0.609375 0.375000 0.683594 0.445312
2 0.575195 0.422852 0.689453 0.443359
2 0.540039 0.480469 0.685547 0.449219
2 0.502930 0.526367 0.681641 0.439453
2 0.468750 0.579102 0.683594 0.439453
2 0.435547 0.626953 0.679688 0.441406
2 0.396484 0.680664 0.687500 0.439453
2 0.358398 0.732422 0.669922 0.437500
2 0.302734 0.814453 0.601562 0.371094
2 0.242188 0.849609 0.480469 0.300781
2 0.177734 0.890625 0.351562 0.218750
2 0.123047 0.927734 0.242188 0.144531
