0 0.060547 0.074219 0.109375 0.113281
0 0.198242 0.715820 0.091797 0.111328
0 0.288086 0.760742 0.087891 0.091797
0 0.225586 0.848633 0.107422 0.107422
0 0.502930 0.649414 0.146484 0.134766
0 0.585938 0.557617 0.125000 0.126953
0 0.859375 0.471680 0.164062 0.142578
0 0.699219 0.736328 0.160156 0.171875
0 0.925781 0.666992 0.078125 0.103516
0 0.853516 0.641602 0.070312 0.056641
0 0.408203 0.857422 0.089844 0.078125
0 0.470703 0.738281 0.132812 0.117188
0 0.291992 0.546875 0.232422 0.257812
2 0.426758 0.570312 0.068359 0.074219
