2 0.971680 0.058594 0.056641 0.066406
2 0.830078 0.050781 0.070312 0.093750
2 0.213867 0.952148 0.037109 0.060547
0 0.345703 0.979492 0.132812 0.041016
0 0.489258 0.799805 0.119141 0.115234
0 0.639648 0.833008 0.107422 0.103516
0 0.665039 0.681641 0.103516 0.109375
0 0.523438 0.633789 0.113281 0.138672
0 0.121094 0.711914 0.125000 0.111328
0 0.254883 0.758789 0.185547 0.146484
0 0.204102 0.555664 0.123047 0.111328
0 0.052734 0.115234 0.074219 0.089844
0 0.025391 0.252930 0.046875 0.126953
0 0.106445 0.243164 0.119141 0.123047
0 0.224609 0.228516 0.054688 0.082031
0 0.308594 0.147461 0.093750 0.072266
0 0.398438 0.200195 0.148438 0.130859
0 0.491211 0.388672 0.119141 0.093750
0 0.472656 0.473633 0.105469 0.080078
0 0.602539 0.435547 0.119141 0.097656
0 0.829102 0.541992 0.130859 0.103516
0 0.602539 0.241211 0.126953 0.119141
0 0.743164 0.257812 0.166016 0.144531
0 0.876953 0.313477 0.125000 0.119141
0 0.675781 0.352539 0.093750 0.083984
0 0.303711 0.038086 0.126953 0.072266
