0 0.785156 0.205078 0.082031 0.105469
0 0.869141 0.133789 0.058594 0.052734
0 0.479492 0.331055 0.091797 0.103516
0 0.490234 0.266602 0.109375 0.041016
0 0.526367 0.102539 0.087891 0.041016
0 0.462891 0.044922 0.113281 0.085938
0 0.460938 0.192383 0.082031 0.107422
0 0.457031 0.116211 0.066406 0.033203
0 0.064453 0.669922 0.125000 0.121094
0 0.261719 0.714844 0.171875 0.191406
0 0.360352 0.712891 0.052734 0.109375
0 0.465820 0.669922 0.123047 0.093750
0 0.630859 0.301758 0.089844 0.052734
0 0.598633 0.362305 0.091797 0.111328
0 0.622070 0.416992 0.134766 0.064453
0 0.841797 0.855469 0.113281 0.113281
0 0.912109 0.874023 0.070312 0.208984
0 0.185547 0.917969 0.167969 0.105469
0 0.498047 0.939453 0.093750 0.121094
0 0.558594 0.898438 0.125000 0.117188
1 0.520508 0.897461 0.048828 0.048828
1 0.040039 0.027344 0.076172 0.050781
1 0.032227 0.060547 0.060547 0.058594
1 0.020508 0.109375 0.037109 0.042969
2 0.199219 0.456055 0.054688 0.099609
2 0.391602 0.869141 0.123047 0.035156
2 0.442383 0.951172 0.083984 0.097656
2 0.633789 0.082031 0.107422 0.042969
2 0.652344 0.187500 0.058594 0.093750
2 0.810547 0.041992 0.085938 0.080078
2 0.887695 0.035156 0.080078 0.066406
2 0.973633 0.421875 0.052734 0.054688
