0 0.764648 0.062500 0.115234 0.085938
0 0.383789 0.924805 0.052734 0.076172
0 0.188477 0.843750 0.103516 0.085938
0 0.191406 0.752930 0.074219 0.095703
0 0.157227 0.680664 0.095703 0.048828
0 0.117188 0.609375 0.046875 0.078125
0 0.203125 0.491211 0.140625 0.138672
0 0.333008 0.451172 0.130859 0.101562
0 0.356445 0.616211 0.107422 0.060547
0 0.534180 0.358398 0.076172 0.080078
0 0.386719 0.331055 0.109375 0.107422
0 0.274414 0.213867 0.083984 0.083984
0 0.354492 0.101562 0.076172 0.082031
0 0.498047 0.166016 0.109375 0.082031
1 0.387695 0.027344 0.041016 0.031250
1 0.370117 0.329102 0.048828 0.044922
0 0.589844 0.030273 0.128906 0.056641
