2 0.745117 0.055664 0.251953 0.107422
2 0.739258 0.143555 0.517578 0.283203
2 0.645508 0.188477 0.705078 0.373047
2 0.594727 0.232422 0.806641 0.460938
2 0.569336 0.314453 0.857422 0.492188
2 0.543945 0.389648 0.861328 0.494141
2 0.465820 0.481445 0.822266 0.451172
2 0.432617 0.540039 0.798828 0.451172
2 0.403320 0.603516 0.798828 0.457031
2 0.385742 0.676758 0.767578 0.443359
2 0.370117 0.744141 0.736328 0.425781
2 0.790039 0.859375 0.185547 0.261719
2 0.353516 0.812500 0.703125 0.375000
2 0.289062 0.852539 0.574219 0.294922
2 0.050781 0.970703 0.097656 0.058594
2 0.224609 0.882812 0.445312 0.234375
2 0.148438 0.924805 0.292969 0.150391
