0 0.464844 0.140625 0.328125 0.097656
0 0.775391 0.044922 0.132812 0.085938
0 0.885742 0.175781 0.154297 0.187500
0 0.947266 0.322266 0.105469 0.226562
0 0.333984 0.546875 0.132812 0.109375
0 0.217773 0.594727 0.158203 0.158203
0 0.102539 0.583008 0.173828 0.123047
0 0.045898 0.729492 0.087891 0.123047
0 0.291016 0.865234 0.171875 0.195312
0 0.073242 0.951172 0.138672 0.097656
0 0.061523 0.245117 0.119141 0.146484
2 0.045898 0.088867 0.087891 0.056641
0 0.116211 0.092773 0.060547 0.064453
0 0.061523 0.037109 0.072266 0.046875
2 0.528320 0.858398 0.080078 0.111328
