0 0.030273 0.381836 0.056641 0.111328
0 0.119141 0.373047 0.125000 0.101562
0 0.105469 0.534180 0.113281 0.107422
0 0.230469 0.542969 0.148438 0.128906
0 0.202148 0.668945 0.142578 0.123047
0 0.281250 0.754883 0.105469 0.095703
0 0.387695 0.774414 0.123047 0.126953
0 0.375977 0.902344 0.166016 0.128906
0 0.491211 0.871094 0.138672 0.160156
0 0.447266 0.466797 0.156250 0.156250
0 0.498047 0.598633 0.132812 0.126953
0 0.598633 0.381836 0.060547 0.095703
0 0.677734 0.411133 0.089844 0.130859
0 0.880859 0.421875 0.148438 0.152344
0 0.791016 0.580078 0.191406 0.210938
0 0.937500 0.718750 0.125000 0.179688
0 0.920898 0.875000 0.158203 0.144531
0 0.707031 0.854492 0.167969 0.154297
0 0.664062 0.966797 0.125000 0.066406
