0 0.221680 0.612305 0.341797 0.099609
0 0.340820 0.710938 0.111328 0.156250
2 0.577148 0.535156 0.048828 0.082031
2 0.250977 0.287109 0.052734 0.242188
2 0.306641 0.358398 0.054688 0.388672
0 0.707031 0.414062 0.093750 0.089844
0 0.792969 0.527344 0.125000 0.121094
0 0.625000 0.245117 0.078125 0.111328
0 0.476562 0.395508 0.136719 0.111328
0 0.449219 0.105469 0.121094 0.113281
0 0.619141 0.111328 0.066406 0.117188
0 0.730469 0.177734 0.113281 0.093750
0 0.924805 0.305664 0.150391 0.130859
0 0.820312 0.174805 0.062500 0.080078
0 0.855469 0.047852 0.105469 0.068359
0 0.896484 0.112305 0.042969 0.099609
1 0.709961 0.245117 0.041016 0.064453
2 0.941406 0.381836 0.117188 0.072266
2 0.946289 0.434570 0.107422 0.072266
