0 0.259766 0.124023 0.160156 0.162109
0 0.624023 0.208008 0.181641 0.099609
2 0.544922 0.285156 0.070312 0.132812
2 0.586914 0.475586 0.083984 0.138672
2 0.315430 0.594727 0.162109 0.177734
0 0.691406 0.288086 0.195312 0.099609
0 0.614258 0.355469 0.091797 0.152344
0 0.821289 0.351562 0.107422 0.128906
0 0.742188 0.391602 0.121094 0.099609
0 0.937500 0.444336 0.125000 0.134766
0 0.828125 0.482422 0.167969 0.164062
0 0.904297 0.584961 0.156250 0.177734
0 0.903320 0.728516 0.193359 0.144531
0 0.693359 0.579102 0.128906 0.115234
0 0.790039 0.638672 0.138672 0.125000
0 0.664062 0.677734 0.144531 0.125000
0 0.467773 0.750977 0.201172 0.173828
0 0.349609 0.859375 0.253906 0.117188
0 0.329102 0.763672 0.177734 0.097656
0 0.128906 0.697266 0.242188 0.210938
