0 0.273438 0.108398 0.250000 0.208984
0 0.373047 0.267578 0.246094 0.246094
0 0.568359 0.517578 0.113281 0.113281
0 0.642578 0.606445 0.125000 0.123047
0 0.581055 0.632812 0.064453 0.062500
0 0.727539 0.538086 0.126953 0.126953
0 0.651367 0.441406 0.095703 0.105469
0 0.764648 0.360352 0.158203 0.150391
0 0.486328 0.343750 0.226562 0.191406
0 0.511719 0.189453 0.140625 0.128906
0 0.825195 0.656250 0.111328 0.121094
0 0.650391 0.222656 0.171875 0.183594
0 0.726562 0.744141 0.125000 0.125000
0 0.934570 0.570312 0.111328 0.113281
0 0.880859 0.739258 0.121094 0.119141
0 0.803711 0.800781 0.123047 0.125000
0 0.742188 0.858398 0.109375 0.103516
0 0.937500 0.837891 0.125000 0.125000
0 0.097656 0.658203 0.191406 0.437500
0 0.409180 0.858398 0.193359 0.185547
0 0.540039 0.953125 0.158203 0.093750
0 0.346680 0.641602 0.111328 0.130859
0 0.586914 0.145508 0.095703 0.103516
