2 0.038086 0.126953 0.072266 0.250000
2 0.126953 0.106445 0.121094 0.208984
2 0.223633 0.073242 0.083984 0.142578
2 0.325195 0.042969 0.119141 0.082031
2 0.433594 0.020508 0.085938 0.037109
2 0.027344 0.682617 0.050781 0.150391
2 0.058594 0.777344 0.113281 0.082031
2 0.079102 0.863281 0.154297 0.093750
2 0.101562 0.953125 0.199219 0.093750
2 0.093750 0.389648 0.183594 0.181641
2 0.258789 0.276367 0.185547 0.173828
2 0.456055 0.163086 0.189453 0.154297
2 0.639648 0.065430 0.185547 0.126953
2 0.862305 0.078125 0.275391 0.152344
2 0.634766 0.186523 0.257812 0.142578
2 0.859375 0.237305 0.281250 0.181641
2 0.572266 0.319336 0.320312 0.173828
2 0.375977 0.351562 0.162109 0.242188
2 0.207031 0.456055 0.265625 0.208984
2 0.149414 0.575195 0.197266 0.099609
2 0.199219 0.709961 0.207031 0.205078
2 0.315430 0.856445 0.169922 0.181641
2 0.387695 0.957031 0.205078 0.085938
2 0.410156 0.543945 0.222656 0.158203
2 0.402344 0.665039 0.285156 0.232422
2 0.613281 0.474609 0.289062 0.207031
2 0.860352 0.415039 0.279297 0.228516
2 0.877930 0.613281 0.244141 0.226562
2 0.630859 0.653320 0.328125 0.212891
2 0.609375 0.891602 0.296875 0.216797
2 0.907227 0.856445 0.185547 0.189453
2 0.833984 0.927734 0.238281 0.144531
