1 0.025391 0.797852 0.039062 0.048828
1 0.092773 0.793945 0.044922 0.048828
1 0.210938 0.805664 0.050781 0.056641
0 0.083984 0.247070 0.078125 0.091797
0 0.211914 0.140625 0.232422 0.207031
0 0.321289 0.163086 0.103516 0.111328
0 0.442383 0.136719 0.126953 0.128906
0 0.101562 0.915039 0.152344 0.130859
0 0.234375 0.768555 0.164062 0.154297
0 0.030273 0.785156 0.056641 0.117188
0 0.336914 0.906250 0.056641 0.050781
0 0.437500 0.939453 0.117188 0.121094
0 0.521484 0.879883 0.136719 0.119141
0 0.611328 0.836914 0.121094 0.154297
0 0.754883 0.745117 0.134766 0.142578
0 0.805664 0.704102 0.095703 0.107422
0 0.834961 0.887695 0.064453 0.068359
