2 0.501953 0.083008 0.164062 0.103516
2 0.456055 0.132812 0.216797 0.125000
2 0.418945 0.176758 0.251953 0.134766
2 0.433594 0.245117 0.332031 0.162109
2 0.411133 0.301758 0.333984 0.166016
2 0.391602 0.355469 0.345703 0.167969
2 0.137695 0.430664 0.271484 0.634766
2 0.092773 0.375000 0.181641 0.429688
2 0.052734 0.307617 0.101562 0.251953
0 0.685547 0.375977 0.105469 0.095703
0 0.414062 0.517578 0.113281 0.089844
0 0.467773 0.673828 0.099609 0.105469
0 0.264648 0.824219 0.111328 0.140625
0 0.374023 0.841797 0.107422 0.085938
0 0.490234 0.877930 0.117188 0.080078
0 0.568359 0.731445 0.152344 0.130859
1 0.259766 0.871094 0.054688 0.039062
