0 0.047852 0.108398 0.091797 0.123047
0 0.093750 0.247070 0.167969 0.115234
0 0.504883 0.094727 0.126953 0.111328
0 0.512695 0.293945 0.158203 0.134766
0 0.686523 0.350586 0.169922 0.146484
0 0.810547 0.412109 0.078125 0.101562
0 0.874023 0.518555 0.115234 0.083984
0 0.821289 0.597656 0.123047 0.089844
0 0.913086 0.684570 0.173828 0.134766
0 0.602539 0.958008 0.283203 0.083984
0 0.154297 0.916016 0.238281 0.152344
0 0.221680 0.821289 0.244141 0.197266
0 0.345703 0.418945 0.199219 0.177734
0 0.210938 0.684570 0.105469 0.099609
