2 0.292969 0.025391 0.238281 0.046875
2 0.236328 0.070312 0.285156 0.066406
2 0.039062 0.123047 0.074219 0.242188
2 0.245117 0.128906 0.376953 0.109375
2 0.225586 0.220703 0.361328 0.113281
0 0.227539 0.374023 0.154297 0.130859
0 0.502930 0.236328 0.146484 0.152344
0 0.628906 0.172852 0.144531 0.185547
0 0.649414 0.045898 0.158203 0.087891
0 0.283203 0.534180 0.132812 0.138672
0 0.396484 0.581055 0.156250 0.134766
0 0.363281 0.644531 0.226562 0.128906
1 0.088867 0.729492 0.068359 0.056641
1 0.186523 0.889648 0.169922 0.095703
0 0.194336 0.887695 0.271484 0.224609
0 0.100586 0.680664 0.130859 0.166016
0 0.197266 0.704102 0.109375 0.134766
0 0.318359 0.739258 0.160156 0.146484
