0 0.487305 0.302734 0.107422 0.113281
0 0.570312 0.218750 0.097656 0.093750
0 0.335938 0.510742 0.125000 0.111328
0 0.286133 0.409180 0.115234 0.099609
0 0.239258 0.463867 0.115234 0.095703
0 0.213867 0.567383 0.123047 0.099609
0 0.105469 0.536133 0.121094 0.103516
0 0.204102 0.839844 0.146484 0.140625
0 0.111328 0.653320 0.218750 0.150391
0 0.408203 0.665039 0.148438 0.150391
0 0.490234 0.592773 0.121094 0.126953
0 0.529297 0.645508 0.121094 0.119141
0 0.621094 0.599609 0.136719 0.132812
0 0.686523 0.533203 0.107422 0.121094
0 0.610352 0.887695 0.111328 0.095703
0 0.858398 0.729492 0.111328 0.099609
0 0.754883 0.801758 0.126953 0.095703
0 0.890625 0.837891 0.109375 0.089844
0 0.787109 0.916016 0.125000 0.101562
0 0.730469 0.705078 0.128906 0.085938
2 0.390625 0.368164 0.242188 0.248047
2 0.896484 0.301758 0.167969 0.201172
2 0.920898 0.275391 0.158203 0.207031
2 0.872070 0.111328 0.255859 0.218750
