2 0.041016 0.411133 0.078125 0.111328
2 0.233398 0.614258 0.248047 0.392578
2 0.521484 0.378906 0.636719 0.390625
2 0.556641 0.443359 0.632812 0.382812
2 0.590820 0.518555 0.638672 0.400391
2 0.638672 0.583984 0.644531 0.402344
2 0.595703 0.695312 0.714844 0.417969
2 0.630859 0.750000 0.718750 0.421875
2 0.653320 0.797852 0.693359 0.392578
2 0.684570 0.825195 0.630859 0.341797
2 0.746094 0.859375 0.507812 0.277344
2 0.806641 0.888672 0.386719 0.214844
2 0.870117 0.923828 0.259766 0.140625
2 0.925781 0.958008 0.148438 0.072266
2 0.090820 0.725586 0.115234 0.080078
2 0.110352 0.792969 0.123047 0.078125
