0 0.062500 0.120117 0.121094 0.197266
0 0.196289 0.043945 0.115234 0.083984
0 0.386719 0.042969 0.160156 0.082031
0 0.530273 0.083984 0.115234 0.164062
0 0.695312 0.062500 0.199219 0.121094
0 0.892578 0.060547 0.160156 0.117188
0 0.172852 0.585938 0.259766 0.128906
0 0.367188 0.875000 0.214844 0.250000
2 0.531250 0.817383 0.097656 0.087891
2 0.798828 0.804688 0.296875 0.082031
2 0.955078 0.843750 0.089844 0.312500
2 0.634766 0.918945 0.085938 0.162109
2 0.734375 0.916992 0.121094 0.166016
2 0.857422 0.917969 0.113281 0.164062
2 0.554688 0.943359 0.121094 0.113281
