2 0.166016 0.413086 0.238281 0.740234
2 0.299805 0.441406 0.369141 0.761719
2 0.854492 0.608398 0.291016 0.775391
2 0.379883 0.010742 0.068359 0.017578
2 0.460938 0.027344 0.070312 0.050781
2 0.537109 0.030273 0.058594 0.056641
2 0.638672 0.036133 0.050781 0.068359
2 0.693359 0.047852 0.035156 0.091797
2 0.752930 0.053711 0.076172 0.103516
2 0.818359 0.058594 0.062500 0.113281
2 0.874023 0.062500 0.064453 0.121094
2 0.973633 0.081055 0.041016 0.158203
2 0.703125 0.556641 0.238281 0.722656
2 0.765625 0.570312 0.234375 0.718750
