2 0.836914 0.620117 0.326172 0.166016
2 0.372070 0.730469 0.310547 0.132812
2 0.558594 0.763672 0.359375 0.101562
2 0.858398 0.729492 0.283203 0.123047
2 0.583984 0.843750 0.312500 0.113281
2 0.863281 0.826172 0.273438 0.152344
2 0.394531 0.858398 0.171875 0.091797
2 0.630859 0.565430 0.269531 0.474609
2 0.660156 0.944336 0.679688 0.111328
2 0.852539 0.435547 0.263672 0.230469
2 0.732422 0.210938 0.273438 0.214844
2 0.532227 0.264648 0.275391 0.287109
2 0.357422 0.540039 0.359375 0.322266
2 0.116211 0.405273 0.228516 0.337891
2 0.295898 0.247070 0.259766 0.220703
2 0.553711 0.053711 0.517578 0.103516
