2 0.348633 0.525391 0.123047 0.949219
2 0.424805 0.548828 0.119141 0.902344
2 0.493164 0.553711 0.115234 0.892578
2 0.566406 0.562500 0.117188 0.875000
2 0.655273 0.771484 0.095703 0.457031
2 0.731445 0.820312 0.099609 0.359375
1 0.783203 0.719727 0.062500 0.064453
2 0.750977 0.377930 0.380859 0.751953
2 0.812500 0.341797 0.367188 0.679688
2 0.220703 0.425781 0.117188 0.773438
2 0.161133 0.432617 0.107422 0.767578
2 0.111328 0.436523 0.097656 0.763672
2 0.064453 0.436523 0.105469 0.771484
2 0.036133 0.444336 0.068359 0.767578
0 0.832031 0.922852 0.125000 0.138672
0 0.907227 0.777344 0.068359 0.078125
0 0.829102 0.801758 0.048828 0.056641
