0 0.129883 0.044922 0.162109 0.082031
0 0.055664 0.088867 0.107422 0.130859
0 0.428711 0.118164 0.205078 0.126953
0 0.624023 0.231445 0.240234 0.150391
0 0.875000 0.248047 0.187500 0.140625
0 0.855469 0.375000 0.183594 0.105469
0 0.698242 0.393555 0.138672 0.134766
0 0.560547 0.418945 0.199219 0.154297
0 0.460938 0.574219 0.183594 0.148438
0 0.330078 0.575195 0.140625 0.138672
0 0.157227 0.374023 0.310547 0.244141
0 0.175781 0.557617 0.164062 0.103516
0 0.288086 0.664062 0.119141 0.113281
0 0.359375 0.749023 0.160156 0.087891
0 0.501953 0.725586 0.156250 0.107422
0 0.672852 0.763672 0.134766 0.132812
0 0.815430 0.783203 0.150391 0.121094
0 0.856445 0.566406 0.134766 0.132812
0 0.698242 0.590820 0.138672 0.107422
0 0.606445 0.577148 0.087891 0.146484
0 0.283203 0.942383 0.328125 0.115234
0 0.552734 0.906250 0.187500 0.113281
0 0.697266 0.869141 0.175781 0.113281
0 0.975586 0.858398 0.048828 0.154297
0 0.967773 0.977539 0.064453 0.044922
