0 0.615234 0.051758 0.160156 0.099609
0 0.406250 0.089844 0.253906 0.175781
0 0.247070 0.084961 0.111328 0.166016
0 0.208984 0.194336 0.125000 0.095703
0 0.183594 0.095703 0.109375 0.101562
0 0.083008 0.141602 0.080078 0.169922
0 0.028320 0.160156 0.052734 0.187500
0 0.105469 0.359375 0.207031 0.144531
0 0.248047 0.332031 0.171875 0.140625
0 0.328125 0.296875 0.121094 0.132812
0 0.426758 0.235352 0.146484 0.162109
0 0.525391 0.216797 0.179688 0.140625
0 0.972656 0.074219 0.054688 0.144531
0 0.957031 0.217773 0.085938 0.126953
0 0.902344 0.239258 0.183594 0.099609
0 0.889648 0.323242 0.220703 0.138672
0 0.939453 0.438477 0.121094 0.130859
1 0.976562 0.548828 0.046875 0.074219
0 0.958984 0.541016 0.082031 0.125000
0 0.071289 0.513672 0.138672 0.132812
0 0.023438 0.663086 0.042969 0.052734
0 0.186523 0.613281 0.123047 0.136719
0 0.130859 0.717773 0.187500 0.142578
0 0.265625 0.708008 0.132812 0.134766
0 0.312500 0.822266 0.125000 0.152344
0 0.076172 0.865234 0.148438 0.167969
0 0.166992 0.952148 0.138672 0.095703
0 0.310547 0.940430 0.156250 0.119141
0 0.295898 0.478516 0.169922 0.152344
0 0.513672 0.378906 0.191406 0.132812
0 0.665039 0.309570 0.220703 0.166016
0 0.445312 0.641602 0.238281 0.134766
0 0.489258 0.491211 0.208984 0.154297
0 0.625000 0.503906 0.136719 0.136719
0 0.819336 0.529297 0.220703 0.281250
0 0.919922 0.731445 0.160156 0.154297
0 0.766602 0.773438 0.201172 0.222656
0 0.524414 0.761719 0.259766 0.144531
0 0.524414 0.858398 0.205078 0.154297
0 0.474609 0.960938 0.148438 0.078125
0 0.861328 0.953125 0.207031 0.093750
0 0.952148 0.924805 0.095703 0.150391
0 0.607422 0.602539 0.183594 0.142578
