0 0.107422 0.262695 0.179688 0.087891
0 0.424805 0.639648 0.115234 0.103516
0 0.508789 0.493164 0.119141 0.107422
0 0.535156 0.057617 0.148438 0.103516
0 0.685547 0.068359 0.101562 0.074219
0 0.800781 0.099609 0.062500 0.082031
0 0.510742 0.301758 0.068359 0.099609
0 0.583008 0.293945 0.056641 0.130859
0 0.564453 0.379883 0.054688 0.044922
0 0.642578 0.916016 0.113281 0.101562
0 0.774414 0.960938 0.126953 0.078125
0 0.891602 0.921875 0.048828 0.023438
0 0.950195 0.929688 0.033203 0.058594
0 0.601562 0.143555 0.046875 0.072266
1 0.562500 0.063477 0.054688 0.033203
