2 0.712891 0.015625 0.074219 0.027344
2 0.791992 0.036133 0.091797 0.068359
2 0.873047 0.061523 0.222656 0.119141
2 0.092773 0.038086 0.181641 0.072266
2 0.042969 0.108398 0.082031 0.095703
2 0.419922 0.044922 0.390625 0.085938
2 0.196289 0.138672 0.267578 0.113281
2 0.536133 0.132812 0.384766 0.082031
2 0.532227 0.234375 0.447266 0.117188
2 0.159180 0.307617 0.294922 0.216797
2 0.585938 0.402344 0.539062 0.195312
2 0.167969 0.534180 0.332031 0.232422
2 0.670898 0.581055 0.658203 0.150391
2 0.873047 0.705078 0.253906 0.097656
2 0.469727 0.727539 0.552734 0.146484
2 0.883789 0.831055 0.232422 0.126953
2 0.505859 0.878906 0.511719 0.152344
2 0.883789 0.948242 0.232422 0.103516
2 0.561523 0.977539 0.427734 0.044922
