0 0.457031 0.494141 0.140625 0.164062
0 0.538086 0.655273 0.134766 0.087891
0 0.700195 0.687500 0.142578 0.144531
0 0.286133 0.154297 0.205078 0.179688
0 0.406250 0.223633 0.117188 0.115234
0 0.463867 0.286133 0.095703 0.107422
0 0.348633 0.356445 0.138672 0.146484
0 0.177734 0.272461 0.195312 0.208984
0 0.062500 0.190430 0.097656 0.091797
0 0.093750 0.369141 0.183594 0.187500
0 0.224609 0.518555 0.218750 0.244141
0 0.042969 0.481445 0.082031 0.146484
0 0.668945 0.863281 0.080078 0.160156
0 0.759766 0.795898 0.109375 0.072266
2 0.330078 0.798828 0.199219 0.136719
2 0.286133 0.836914 0.240234 0.134766
2 0.249023 0.879883 0.263672 0.134766
2 0.259766 0.932617 0.335938 0.134766
2 0.193359 0.961914 0.246094 0.076172
