2 0.144531 0.932617 0.285156 0.134766
2 0.254883 0.884766 0.505859 0.230469
2 0.332031 0.842773 0.660156 0.314453
2 0.347656 0.788086 0.691406 0.380859
2 0.369141 0.721680 0.734375 0.396484
2 0.399414 0.620117 0.728516 0.388672
2 0.437500 0.555664 0.750000 0.388672
2 0.474609 0.487305 0.746094 0.396484
2 0.506836 0.416992 0.751953 0.392578
2 0.546875 0.335938 0.738281 0.394531
2 0.574219 0.265625 0.742188 0.386719
2 0.604492 0.194336 0.748047 0.384766
2 0.645508 0.159180 0.705078 0.314453
2 0.852539 0.074219 0.291016 0.144531
2 0.938477 0.031250 0.119141 0.058594
2 0.963867 0.629883 0.072266 0.119141
2 0.948242 0.705078 0.103516 0.109375
2 0.932617 0.785156 0.134766 0.128906
2 0.914062 0.873047 0.171875 0.148438
2 0.902344 0.936523 0.195312 0.126953
2 0.851562 0.977539 0.152344 0.044922
