2 0.675781 0.777344 0.382812 0.191406
2 0.473633 0.472656 0.205078 0.484375
2 0.033203 0.867188 0.062500 0.265625
2 0.068359 0.875977 0.117188 0.248047
2 0.125977 0.893555 0.111328 0.212891
2 0.185547 0.900391 0.101562 0.199219
2 0.254883 0.907227 0.115234 0.185547
2 0.320312 0.918945 0.117188 0.162109
2 0.382812 0.926758 0.085938 0.142578
2 0.445312 0.934570 0.085938 0.130859
2 0.518555 0.949219 0.060547 0.101562
0 0.527344 0.842773 0.093750 0.064453
0 0.299805 0.696289 0.095703 0.056641
0 0.427734 0.033203 0.082031 0.062500
0 0.912109 0.347656 0.148438 0.062500
0 0.975586 0.413086 0.048828 0.123047
0 0.972656 0.517578 0.054688 0.066406
0 0.950195 0.615234 0.099609 0.070312
0 0.964844 0.721680 0.070312 0.056641
0 0.972656 0.779297 0.054688 0.074219
2 0.800781 0.490234 0.058594 0.105469
2 0.217773 0.342773 0.388672 0.681641
