2 0.089844 0.836914 0.062500 0.240234
0 0.465820 0.145508 0.083984 0.212891
0 0.456055 0.350586 0.115234 0.130859
0 0.450195 0.474609 0.091797 0.062500
0 0.713867 0.322266 0.212891 0.070312
0 0.734375 0.024414 0.097656 0.044922
0 0.831055 0.164062 0.119141 0.148438
0 0.939453 0.324219 0.121094 0.062500
0 0.795898 0.553711 0.244141 0.119141
0 0.575195 0.678711 0.146484 0.107422
0 0.416992 0.688477 0.095703 0.048828
0 0.411133 0.799805 0.111328 0.150391
0 0.554688 0.818359 0.175781 0.183594
0 0.633789 0.586914 0.052734 0.087891
0 0.677734 0.667969 0.058594 0.144531
0 0.696289 0.847656 0.119141 0.125000
0 0.586914 0.958984 0.095703 0.082031
0 0.908203 0.875977 0.117188 0.123047
0 0.930664 0.738281 0.138672 0.144531
0 0.843750 0.962891 0.183594 0.074219
