2 0.096680 0.160156 0.189453 0.316406
0 0.296875 0.636719 0.121094 0.085938
0 0.268555 0.722656 0.087891 0.101562
0 0.387695 0.758789 0.130859 0.115234
0 0.520508 0.609375 0.138672 0.093750
0 0.669922 0.742188 0.156250 0.156250
0 0.577148 0.916016 0.150391 0.152344
0 0.834961 0.902344 0.138672 0.136719
0 0.940430 0.498047 0.099609 0.109375
0 0.714844 0.379883 0.066406 0.119141
0 0.546875 0.115234 0.066406 0.054688
0 0.592773 0.178711 0.142578 0.154297
0 0.792969 0.067383 0.109375 0.072266
0 0.894531 0.193359 0.093750 0.101562
0 0.893555 0.317383 0.091797 0.056641
0 0.696289 0.130859 0.095703 0.050781
0 0.737305 0.668945 0.091797 0.041016
0 0.732422 0.900391 0.070312 0.066406
0 0.871094 0.584961 0.058594 0.123047
