1 0.381836 0.039062 0.267578 0.074219
1 0.122070 0.037109 0.240234 0.070312
1 0.240234 0.196289 0.308594 0.060547
1 0.208008 0.253906 0.349609 0.046875
1 0.205078 0.308594 0.347656 0.050781
1 0.126953 0.357422 0.175781 0.035156
1 0.302734 0.385742 0.113281 0.056641
1 0.126953 0.403320 0.199219 0.048828
1 0.177734 0.459961 0.328125 0.056641
1 0.177734 0.519531 0.332031 0.050781
1 0.255859 0.575195 0.156250 0.052734
1 0.085938 0.574219 0.167969 0.039062
1 0.167969 0.633789 0.296875 0.052734
1 0.165039 0.693359 0.326172 0.054688
1 0.180664 0.758789 0.294922 0.052734
1 0.190430 0.817383 0.279297 0.048828
1 0.180664 0.877930 0.259766 0.044922
1 0.155273 0.935547 0.205078 0.046875
1 0.125000 0.984375 0.093750 0.019531
1 0.022461 0.957031 0.041016 0.039062
