0 0.238281 0.065430 0.210938 0.126953
0 0.231445 0.217773 0.169922 0.181641
0 0.156250 0.257812 0.148438 0.125000
2 0.104492 0.377930 0.080078 0.111328
2 0.403320 0.539062 0.076172 0.437500
2 0.473633 0.522461 0.060547 0.318359
0 0.839844 0.479492 0.128906 0.115234
0 0.938477 0.581055 0.123047 0.119141
0 0.896484 0.660156 0.152344 0.144531
0 0.807617 0.786133 0.076172 0.080078
0 0.916016 0.878906 0.113281 0.113281
0 0.540039 0.882812 0.123047 0.132812
0 0.669922 0.912109 0.136719 0.117188
0 0.582031 0.766602 0.160156 0.130859
0 0.685547 0.731445 0.097656 0.087891
0 0.682617 0.579102 0.173828 0.134766
0 0.394531 0.828125 0.167969 0.164062
0 0.240234 0.758789 0.167969 0.146484
0 0.051758 0.778320 0.099609 0.107422
0 0.100586 0.631836 0.126953 0.166016
2 0.023438 0.386719 0.042969 0.117188
0 0.069336 0.943359 0.111328 0.113281
0 0.208984 0.955078 0.164062 0.089844
0 0.413086 0.976562 0.232422 0.046875
