0 0.532227 0.422852 0.201172 0.154297
0 0.606445 0.503906 0.091797 0.042969
0 0.582031 0.281250 0.105469 0.152344
0 0.610352 0.145508 0.173828 0.162109
0 0.496094 0.140625 0.136719 0.078125
0 0.864258 0.142578 0.107422 0.152344
0 0.524414 0.054688 0.119141 0.105469
1 0.529297 0.045898 0.062500 0.064453
0 0.956055 0.241211 0.087891 0.119141
1 0.946289 0.256836 0.048828 0.048828
0 0.898438 0.598633 0.156250 0.169922
1 0.936523 0.612305 0.060547 0.072266
0 0.729492 0.905273 0.103516 0.146484
0 0.637695 0.865234 0.107422 0.062500
0 0.450195 0.940430 0.146484 0.119141
0 0.613281 0.686523 0.082031 0.126953
