0 0.274414 0.069336 0.158203 0.123047
0 0.118164 0.045898 0.220703 0.087891
0 0.700195 0.204102 0.099609 0.087891
0 0.633789 0.158203 0.048828 0.097656
0 0.748047 0.044922 0.062500 0.085938
0 0.866211 0.125977 0.267578 0.212891
0 0.498047 0.297852 0.152344 0.060547
0 0.473633 0.407227 0.126953 0.134766
0 0.558594 0.597656 0.113281 0.097656
0 0.665039 0.689453 0.103516 0.089844
0 0.397461 0.674805 0.123047 0.115234
0 0.457031 0.618164 0.117188 0.177734
0 0.377930 0.450195 0.095703 0.142578
0 0.276367 0.454102 0.076172 0.150391
0 0.059570 0.410156 0.115234 0.207031
0 0.189453 0.257812 0.054688 0.050781
0 0.100586 0.561523 0.150391 0.115234
0 0.074219 0.695312 0.089844 0.140625
0 0.185547 0.761719 0.113281 0.109375
0 0.222656 0.690430 0.125000 0.201172
0 0.495117 0.884766 0.142578 0.093750
0 0.275391 0.943359 0.183594 0.113281
0 0.535156 0.782227 0.074219 0.119141
0 0.749023 0.921875 0.189453 0.156250
1 0.286133 0.501953 0.044922 0.050781
