2 0.031250 0.213867 0.058594 0.126953
1 0.145508 0.304688 0.041016 0.039062
1 0.109375 0.370117 0.136719 0.041016
1 0.063477 0.437500 0.123047 0.035156
1 0.051758 0.500977 0.095703 0.033203
1 0.109375 0.561523 0.199219 0.041016
1 0.108398 0.630859 0.205078 0.031250
1 0.325195 0.508789 0.134766 0.044922
1 0.364258 0.573242 0.263672 0.041016
1 0.385742 0.634766 0.267578 0.039062
1 0.335938 0.688477 0.398438 0.033203
1 0.301758 0.754883 0.130859 0.037109
1 0.455078 0.754883 0.128906 0.037109
1 0.366211 0.819336 0.185547 0.044922
1 0.346680 0.878906 0.134766 0.035156
1 0.322266 0.942383 0.136719 0.037109
1 0.013672 0.717773 0.023438 0.025391
1 0.054688 0.770508 0.101562 0.025391
1 0.037109 0.741211 0.062500 0.021484
1 0.089844 0.793945 0.167969 0.025391
1 0.095703 0.837891 0.183594 0.027344
1 0.092773 0.883789 0.181641 0.029297
1 0.079102 0.926758 0.154297 0.033203
1 0.078125 0.962891 0.121094 0.019531
1 0.079102 0.989258 0.091797 0.021484
