2 0.123047 0.328125 0.207031 0.640625
2 0.176758 0.341797 0.244141 0.640625
2 0.221680 0.378906 0.259766 0.664062
2 0.246094 0.397461 0.242188 0.693359
2 0.313477 0.446289 0.275391 0.751953
2 0.362305 0.467773 0.255859 0.744141
2 0.416992 0.479492 0.255859 0.751953
2 0.481445 0.490234 0.251953 0.746094
2 0.546875 0.527344 0.238281 0.734375
2 0.629883 0.509766 0.248047 0.652344
2 0.712891 0.540039 0.261719 0.720703
2 0.815430 0.544922 0.251953 0.675781
2 0.628906 0.060547 0.125000 0.117188
2 0.736328 0.071289 0.121094 0.134766
2 0.850586 0.086914 0.162109 0.169922
2 0.942383 0.101562 0.111328 0.179688
