0 0.128906 0.082031 0.171875 0.121094
0 0.366211 0.061523 0.103516 0.115234
0 0.226562 0.287109 0.136719 0.128906
0 0.560547 0.342773 0.136719 0.119141
0 0.434570 0.380859 0.119141 0.136719
0 0.166992 0.420898 0.134766 0.115234
0 0.062500 0.461914 0.109375 0.083984
0 0.915039 0.420898 0.068359 0.056641
0 0.850586 0.733398 0.126953 0.162109
0 0.277344 0.874023 0.132812 0.107422
0 0.202148 0.917969 0.064453 0.113281
0 0.649414 0.905273 0.119141 0.107422
0 0.517578 0.694336 0.152344 0.080078
0 0.622070 0.531250 0.134766 0.117188
0 0.648438 0.778320 0.125000 0.126953
1 0.370117 0.064453 0.037109 0.027344
2 0.157227 0.820312 0.056641 0.175781
2 0.779297 0.436523 0.195312 0.083984
