2 0.311523 0.144531 0.107422 0.203125
0 0.208008 0.039062 0.041016 0.066406
0 0.047852 0.484375 0.091797 0.066406
0 0.084961 0.825195 0.162109 0.154297
0 0.161133 0.931641 0.087891 0.082031
0 0.035156 0.960938 0.066406 0.078125
1 0.421875 0.697266 0.054688 0.054688
0 0.374023 0.687500 0.072266 0.105469
0 0.295898 0.812500 0.099609 0.082031
0 0.498047 0.751953 0.089844 0.121094
0 0.953125 0.437500 0.042969 0.054688
0 0.675781 0.528320 0.078125 0.111328
0 0.769531 0.632812 0.039062 0.074219
0 0.830078 0.576172 0.058594 0.097656
0 0.872070 0.808594 0.087891 0.113281
0 0.683594 0.818359 0.117188 0.074219
0 0.950195 0.931641 0.041016 0.031250
1 0.641602 0.868164 0.052734 0.029297
0 0.772461 0.848633 0.064453 0.083984
0 0.633789 0.959961 0.072266 0.072266
