2 0.058594 0.061523 0.113281 0.119141
2 0.219727 0.060547 0.193359 0.117188
2 0.411133 0.056641 0.193359 0.109375
2 0.062500 0.187500 0.121094 0.140625
2 0.229492 0.189453 0.197266 0.144531
2 0.415039 0.174805 0.154297 0.123047
2 0.091797 0.343750 0.179688 0.164062
2 0.256836 0.330078 0.138672 0.140625
2 0.089844 0.500977 0.175781 0.146484
2 0.063477 0.625000 0.123047 0.093750
2 0.905273 0.410156 0.166016 0.140625
2 0.818359 0.538086 0.195312 0.142578
2 0.713867 0.653320 0.166016 0.123047
2 0.640625 0.770508 0.183594 0.130859
2 0.533203 0.874023 0.195312 0.138672
2 0.489258 0.928711 0.201172 0.115234
2 0.945312 0.651367 0.109375 0.169922
2 0.909180 0.784180 0.181641 0.216797
2 0.883789 0.882812 0.232422 0.152344
2 0.830078 0.928711 0.339844 0.142578
