0 0.222656 0.371094 0.160156 0.207031
0 0.757812 0.068359 0.136719 0.132812
0 0.875000 0.141602 0.132812 0.162109
0 0.967773 0.231445 0.064453 0.134766
0 0.063477 0.605469 0.123047 0.242188
0 0.069336 0.809570 0.134766 0.201172
1 0.224609 0.672852 0.070312 0.048828
0 0.219727 0.666016 0.123047 0.132812
0 0.188477 0.552734 0.134766 0.121094
0 0.288086 0.548828 0.091797 0.113281
0 0.344727 0.635742 0.189453 0.126953
0 0.475586 0.539062 0.189453 0.207031
0 0.601562 0.523438 0.156250 0.113281
0 0.731445 0.433594 0.212891 0.171875
0 0.885742 0.602539 0.181641 0.150391
0 0.821289 0.858398 0.169922 0.158203
0 0.936523 0.953125 0.126953 0.093750
