2 0.401367 0.334961 0.423828 0.318359
2 0.354492 0.371094 0.466797 0.339844
2 0.319336 0.398438 0.494141 0.351562
2 0.275391 0.433594 0.527344 0.378906
2 0.258789 0.482422 0.513672 0.386719
2 0.681641 0.093750 0.195312 0.183594
2 0.765625 0.148438 0.195312 0.222656
2 0.539062 0.658203 0.453125 0.683594
2 0.589844 0.672852 0.445312 0.654297
2 0.648438 0.686523 0.429688 0.626953
2 0.703125 0.701172 0.410156 0.597656
2 0.756836 0.715820 0.388672 0.568359
2 0.795898 0.822266 0.236328 0.355469
2 0.841797 0.835938 0.222656 0.328125
2 0.895508 0.849609 0.205078 0.300781
2 0.926758 0.868164 0.146484 0.259766
2 0.957031 0.924805 0.085938 0.142578
