0 0.465820 0.141602 0.177734 0.111328
0 0.523438 0.289062 0.171875 0.167969
0 0.719727 0.173828 0.162109 0.136719
0 0.669922 0.305664 0.167969 0.095703
0 0.658203 0.406250 0.156250 0.101562
0 0.669922 0.517578 0.167969 0.105469
0 0.693359 0.615234 0.171875 0.089844
0 0.712891 0.702148 0.125000 0.107422
0 0.850586 0.702148 0.119141 0.107422
0 0.850586 0.561523 0.150391 0.158203
0 0.956055 0.691406 0.087891 0.199219
0 0.934570 0.522461 0.130859 0.130859
1 0.974609 0.537109 0.050781 0.054688
0 0.823242 0.386719 0.162109 0.148438
0 0.940430 0.392578 0.119141 0.148438
0 0.879883 0.288086 0.169922 0.150391
0 0.884766 0.213867 0.144531 0.095703
0 0.875000 0.097656 0.125000 0.125000
0 0.949219 0.134766 0.101562 0.125000
0 0.900391 0.032227 0.128906 0.060547
0 0.076172 0.711914 0.148438 0.115234
0 0.906250 0.890625 0.187500 0.164062
0 0.743164 0.947266 0.193359 0.105469
