0 0.114258 0.055664 0.091797 0.099609
0 0.227539 0.051758 0.126953 0.083984
0 0.341797 0.045898 0.105469 0.064453
0 0.178711 0.198242 0.130859 0.126953
0 0.295898 0.231445 0.130859 0.138672
0 0.304688 0.738281 0.140625 0.257812
0 0.143555 0.885742 0.126953 0.087891
0 0.495117 0.090820 0.103516 0.072266
0 0.518555 0.160156 0.103516 0.074219
0 0.903320 0.043945 0.126953 0.083984
0 0.925781 0.246094 0.148438 0.312500
0 0.779297 0.416016 0.128906 0.113281
0 0.797852 0.508789 0.173828 0.099609
0 0.653320 0.178711 0.162109 0.119141
0 0.528320 0.585938 0.173828 0.109375
1 0.517578 0.558594 0.042969 0.042969
0 0.410156 0.408203 0.117188 0.109375
2 0.304688 0.418945 0.082031 0.099609
