1 0.406250 0.538086 0.039062 0.037109
0 0.340820 0.376953 0.099609 0.105469
0 0.420898 0.307617 0.099609 0.099609
0 0.550781 0.247070 0.085938 0.080078
0 0.577148 0.131836 0.111328 0.080078
0 0.677734 0.068359 0.093750 0.105469
0 0.770508 0.101562 0.111328 0.101562
0 0.971680 0.316406 0.056641 0.097656
0 0.862305 0.258789 0.056641 0.126953
0 0.777344 0.314453 0.082031 0.121094
0 0.618164 0.475586 0.048828 0.068359
0 0.700195 0.439453 0.076172 0.082031
0 0.695312 0.340820 0.058594 0.095703
0 0.129883 0.554688 0.103516 0.144531
0 0.063477 0.698242 0.115234 0.150391
0 0.199219 0.692383 0.121094 0.068359
0 0.317383 0.801758 0.103516 0.080078
0 0.387695 0.671875 0.126953 0.062500
0 0.485352 0.785156 0.068359 0.093750
0 0.589844 0.761719 0.113281 0.109375
0 0.601562 0.874023 0.105469 0.037109
0 0.697266 0.817383 0.062500 0.115234
0 0.784180 0.667969 0.095703 0.117188
0 0.972656 0.754883 0.054688 0.123047
0 0.448242 0.909180 0.099609 0.080078
0 0.553711 0.973633 0.068359 0.052734
0 0.200195 0.950195 0.052734 0.099609
0 0.036133 0.878906 0.068359 0.089844
