1 0.042969 0.285156 0.082031 0.074219
1 0.111328 0.395508 0.214844 0.064453
1 0.140625 0.510742 0.277344 0.068359
1 0.102539 0.625977 0.201172 0.080078
1 0.055664 0.747070 0.107422 0.083984
1 0.958984 0.551758 0.046875 0.029297
1 0.920898 0.598633 0.068359 0.029297
1 0.989258 0.590820 0.021484 0.025391
1 0.867188 0.647461 0.136719 0.029297
1 0.982422 0.639648 0.035156 0.029297
1 0.823242 0.693359 0.154297 0.035156
1 0.966797 0.690430 0.066406 0.033203
1 0.785156 0.748047 0.187500 0.031250
1 0.952148 0.738281 0.095703 0.035156
1 0.944336 0.781250 0.111328 0.035156
1 0.755859 0.791016 0.222656 0.019531
1 0.726562 0.838867 0.257812 0.029297
1 0.939453 0.830078 0.121094 0.027344
1 0.947266 0.874023 0.105469 0.029297
1 0.722656 0.889648 0.250000 0.033203
1 0.942383 0.919922 0.115234 0.031250
1 0.568359 0.941406 0.109375 0.027344
1 0.746094 0.934570 0.203125 0.025391
1 0.945312 0.964844 0.109375 0.027344
1 0.779297 0.984375 0.160156 0.023438
1 0.560547 0.988281 0.207031 0.023438
