0 0.150391 0.176758 0.296875 0.291016
0 0.959961 0.093750 0.080078 0.125000
0 0.903320 0.218750 0.166016 0.136719
0 0.778320 0.273438 0.146484 0.140625
0 0.878906 0.328125 0.128906 0.156250
0 0.935547 0.549805 0.128906 0.119141
0 0.905273 0.649414 0.189453 0.181641
0 0.758789 0.293945 0.166016 0.130859
0 0.529297 0.432617 0.160156 0.169922
0 0.488281 0.587891 0.128906 0.089844
0 0.442383 0.643555 0.103516 0.080078
1 0.495117 0.730469 0.048828 0.070312
0 0.082031 0.943359 0.160156 0.113281
0 0.305664 0.967773 0.158203 0.064453
0 0.565430 0.938477 0.146484 0.123047
0 0.756836 0.961914 0.138672 0.076172
0 0.678711 0.894531 0.169922 0.132812
0 0.781250 0.786133 0.222656 0.189453
0 0.780273 0.601562 0.189453 0.140625
0 0.658203 0.560547 0.148438 0.125000
