0 0.187500 0.064453 0.144531 0.125000
0 0.285156 0.060547 0.066406 0.101562
2 0.245117 0.169922 0.181641 0.062500
0 0.460938 0.067383 0.160156 0.130859
0 0.454102 0.187500 0.169922 0.121094
1 0.111328 0.285156 0.062500 0.042969
0 0.074219 0.262695 0.140625 0.123047
0 0.129883 0.555664 0.177734 0.201172
0 0.356445 0.456055 0.220703 0.166016
0 0.659180 0.514648 0.236328 0.251953
0 0.387695 0.805664 0.205078 0.130859
0 0.391602 0.931641 0.205078 0.136719
0 0.566406 0.954102 0.128906 0.091797
0 0.833984 0.048828 0.164062 0.093750
