2 0.089844 0.043945 0.175781 0.083984
2 0.051758 0.113281 0.099609 0.093750
2 0.045898 0.210938 0.087891 0.109375
2 0.477539 0.039062 0.431641 0.074219
2 0.357422 0.107422 0.292969 0.074219
2 0.599609 0.135742 0.308594 0.130859
2 0.765625 0.215820 0.234375 0.119141
2 0.893555 0.288086 0.212891 0.115234
2 0.376953 0.193359 0.316406 0.152344
2 0.278320 0.308594 0.220703 0.199219
2 0.166992 0.413086 0.216797 0.205078
2 0.339844 0.546875 0.351562 0.148438
2 0.390625 0.358398 0.281250 0.283203
2 0.617188 0.294922 0.253906 0.226562
2 0.830078 0.380859 0.339844 0.300781
2 0.609375 0.479492 0.265625 0.275391
2 0.541016 0.664062 0.222656 0.214844
2 0.677734 0.766602 0.164062 0.173828
2 0.779297 0.620117 0.351562 0.240234
2 0.828125 0.512695 0.218750 0.185547
