0 0.190430 0.071289 0.212891 0.130859
0 0.353516 0.116211 0.148438 0.158203
0 0.513672 0.291016 0.171875 0.179688
0 0.917969 0.161133 0.144531 0.123047
0 0.757812 0.296875 0.136719 0.121094
0 0.810547 0.382812 0.136719 0.128906
0 0.719727 0.467773 0.173828 0.158203
0 0.898438 0.567383 0.191406 0.158203
0 0.372070 0.357422 0.263672 0.265625
0 0.510742 0.429688 0.193359 0.164062
0 0.602539 0.476562 0.119141 0.140625
0 0.508789 0.634766 0.251953 0.246094
0 0.340820 0.724609 0.283203 0.277344
1 0.068359 0.402344 0.078125 0.078125
1 0.954102 0.245117 0.083984 0.103516
1 0.918945 0.440430 0.068359 0.060547
1 0.248047 0.053711 0.066406 0.072266
